info{
rowcount:56
colcount:56
camerapos:Translation: X=3806.497 Y=3091.221 Z=366.637 Rotation: P=48.583328 Y=-125.313950 R=0.000003 Scale X=1.000 Y=1.000 Z=1.000
cameraangle:0,45,0
biome:ice
erosioninitialwaittime:10
creator:Baraklava
camerazoom:1100.0
oxygen:30000/30000
levelname:Ice Spy
}
tiles{
38,38,38,38,38,38,38,38,38,38,38,38,38,38,38,38,38,38,38,38,38,38,38,38,38,38,38,38,38,38,38,38,38,38,38,38,38,38,38,38,38,38,38,38,38,38,38,38,38,38,38,38,38,38,38,38,
38,38,38,38,38,38,38,38,38,38,38,38,38,38,38,38,38,38,38,38,38,38,38,38,38,38,38,38,38,38,38,38,38,38,38,38,38,38,38,38,38,38,38,38,38,38,38,38,38,38,38,38,38,38,38,38,
38,38,38,38,38,38,38,38,38,38,38,38,38,38,38,38,38,38,38,38,38,38,38,38,38,38,38,38,38,38,38,38,38,38,38,38,38,38,38,38,38,38,38,38,38,38,38,38,38,38,38,38,38,38,38,38,
38,38,38,38,38,38,38,38,38,38,38,38,38,38,38,38,38,38,38,38,38,38,38,38,38,38,38,38,38,38,38,38,38,38,38,38,38,38,38,38,38,38,38,38,38,38,38,38,38,38,38,38,38,38,38,38,
38,38,38,38,38,38,38,38,38,38,38,38,50,38,38,38,38,38,38,38,38,38,38,38,38,38,38,38,38,38,38,38,38,38,38,38,38,38,38,38,38,38,38,38,38,38,38,38,38,38,38,38,38,38,38,38,
38,38,38,38,38,38,38,38,38,38,38,38,46,38,38,38,38,38,38,38,38,38,38,38,38,38,38,38,38,38,38,38,38,38,38,38,38,38,38,38,38,38,38,38,38,38,38,38,38,38,38,38,38,38,38,38,
38,38,38,38,38,38,38,38,38,38,38,1,1,1,1,38,38,38,26,26,26,26,26,26,38,38,38,38,38,38,38,38,38,38,38,38,38,38,38,38,38,38,38,38,38,38,38,38,38,38,38,38,38,38,38,38,
38,38,38,38,38,38,38,38,38,1,1,1,1,1,1,1,46,26,26,38,38,38,38,26,26,26,26,38,38,38,38,101,101,101,101,38,38,38,38,38,38,26,101,26,38,38,38,38,38,38,38,38,38,38,38,38,
38,38,38,38,38,38,38,38,1,1,1,1,1,1,1,1,38,38,38,38,38,38,38,38,38,38,26,26,38,38,101,101,101,101,101,101,101,38,38,38,26,101,101,101,26,38,38,38,38,38,38,38,38,38,38,38,
38,38,38,38,38,26,26,46,1,1,1,14,14,1,1,1,1,38,38,38,26,101,101,101,101,38,38,26,38,26,101,101,101,101,101,101,101,101,38,26,101,101,101,101,101,42,38,38,38,38,38,38,38,38,38,38,
38,38,38,38,38,26,38,38,1,1,1,1,1,1,1,1,1,1,1,26,26,101,101,101,101,101,101,101,101,26,26,101,101,101,38,38,101,101,101,101,101,101,101,101,101,38,38,38,38,38,38,38,38,38,38,38,
38,38,38,38,38,26,38,38,1,1,1,1,1,1,1,1,1,1,38,38,38,38,38,101,101,101,101,101,101,101,26,26,101,38,38,38,38,101,101,101,101,101,101,26,38,38,38,38,38,38,38,38,38,38,38,38,
38,38,38,38,38,26,38,38,38,1,1,1,1,1,1,38,38,38,38,38,38,38,38,38,38,101,101,101,101,101,101,38,38,38,38,38,38,38,38,38,101,101,26,38,38,38,38,38,38,38,38,38,38,38,38,38,
38,38,38,38,38,26,26,38,38,38,1,1,1,38,46,38,38,38,26,26,26,38,38,38,38,38,101,101,101,38,38,38,38,38,38,38,38,38,38,38,38,38,38,38,38,38,38,38,38,38,38,38,38,38,38,38,
38,38,38,38,38,38,26,38,38,38,26,1,38,38,38,38,38,26,101,101,101,101,26,38,38,38,26,26,38,38,38,38,38,38,38,38,38,38,38,38,38,38,38,38,38,38,38,38,38,38,38,38,38,38,38,38,
38,38,38,38,38,38,26,26,38,38,26,26,38,38,38,38,26,101,101,101,101,101,101,101,38,38,26,101,38,38,38,38,38,38,38,38,38,38,38,38,38,38,38,38,38,38,38,38,38,38,38,38,38,38,38,38,
38,38,38,38,38,38,38,26,26,101,101,26,38,38,38,26,101,101,101,101,101,101,101,101,101,101,101,101,38,38,38,38,38,38,38,38,38,38,38,38,38,38,38,38,38,38,38,38,38,38,38,38,38,38,38,38,
38,38,38,38,38,38,38,38,38,101,101,101,38,38,38,38,101,101,101,101,101,26,38,38,101,101,101,101,101,38,38,38,38,38,38,38,38,38,38,38,38,38,38,38,38,38,38,38,38,38,38,38,38,38,38,38,
38,38,38,38,38,38,38,38,101,101,101,101,101,38,38,38,26,101,101,101,26,38,38,38,101,101,101,101,101,38,38,38,38,38,38,38,38,38,38,38,38,38,38,38,38,38,38,38,38,38,38,38,38,38,38,38,
38,38,38,38,38,38,38,101,101,101,111,111,101,101,38,38,38,38,26,38,38,38,101,101,101,38,38,101,101,101,38,38,38,38,38,38,38,38,38,38,38,38,38,38,38,38,38,38,38,38,38,38,38,38,38,38,
38,38,38,38,38,38,38,101,101,111,111,111,101,101,101,38,38,38,42,38,38,38,101,101,101,38,38,38,101,101,101,38,38,38,38,38,38,38,38,38,38,38,38,38,38,38,38,38,38,38,38,38,38,38,38,38,
38,38,38,38,38,38,38,101,111,111,111,111,111,101,101,38,38,38,38,38,38,38,38,101,101,38,38,38,38,101,101,101,38,38,38,38,38,38,38,38,38,38,38,38,38,38,38,38,38,38,38,38,38,38,38,38,
38,38,38,38,38,38,26,101,111,111,111,111,111,101,101,38,38,38,38,38,38,38,38,38,101,101,38,38,38,38,101,101,101,101,38,38,38,38,38,38,38,38,38,38,38,38,38,38,38,38,38,38,38,38,38,38,
38,38,38,38,38,38,26,101,101,111,111,111,111,101,38,38,38,38,38,38,38,38,38,38,38,101,101,38,38,38,38,38,101,101,101,38,38,38,38,38,38,38,38,38,38,38,38,38,38,38,38,38,38,38,38,38,
38,38,38,38,38,38,26,26,101,101,111,111,101,101,26,38,38,38,38,38,38,38,38,38,38,101,101,38,38,38,38,38,38,38,101,101,101,38,38,38,38,38,38,38,38,38,38,38,38,38,38,38,38,38,38,38,
38,38,38,38,38,38,38,26,26,101,101,101,101,26,26,38,38,38,38,38,38,26,26,38,38,101,101,38,38,38,38,38,38,38,38,38,101,101,101,101,101,101,26,38,38,38,38,38,38,38,38,38,38,38,38,38,
38,38,38,38,38,38,38,26,26,101,101,101,26,26,38,38,38,38,38,38,26,101,101,101,101,101,101,38,38,38,38,38,38,38,38,38,38,38,101,101,101,101,101,38,38,38,38,38,38,38,38,38,38,38,38,38,
38,38,38,38,38,38,38,38,26,101,101,101,38,38,38,38,38,38,38,26,101,101,101,101,101,101,38,38,38,38,38,38,38,38,38,38,38,38,101,101,101,101,101,26,38,38,38,38,38,38,38,38,38,38,38,38,
38,38,38,38,38,38,38,38,38,26,26,101,38,38,38,38,38,38,38,26,101,101,101,101,101,26,38,38,38,38,38,38,38,38,38,38,38,38,26,101,101,101,101,26,38,38,38,38,38,38,38,38,38,38,38,38,
38,38,38,38,38,38,38,38,38,38,26,26,38,38,38,38,38,38,38,38,101,101,101,101,26,38,38,38,38,38,38,38,38,38,38,38,38,38,38,26,101,101,26,38,38,38,38,38,38,38,38,38,38,38,38,38,
38,38,38,38,38,38,38,38,38,38,101,101,101,38,38,38,38,38,38,38,26,101,101,26,38,38,38,38,38,38,38,38,38,38,38,38,38,38,38,38,38,26,38,38,38,38,38,38,38,38,38,38,38,38,38,38,
38,38,38,38,38,38,38,38,38,38,101,101,101,101,101,38,38,38,38,38,38,26,38,38,38,38,38,38,38,38,38,38,38,38,38,38,38,38,38,38,38,42,38,38,38,38,38,38,38,38,38,38,38,38,38,38,
38,38,38,38,38,38,38,38,38,38,38,101,101,101,101,101,38,38,38,38,38,42,38,38,38,38,38,38,38,38,38,38,38,38,38,38,38,38,38,38,38,38,38,38,38,38,38,38,38,38,38,38,38,38,38,38,
38,38,38,38,38,38,38,38,38,38,38,38,101,101,101,101,101,38,38,38,38,38,38,38,38,38,38,38,38,38,38,38,38,38,38,38,38,38,38,38,38,38,38,38,38,38,38,38,38,38,38,38,38,38,38,38,
38,38,38,38,38,38,38,38,38,38,38,38,38,38,101,101,101,101,38,38,38,38,38,38,38,38,38,38,38,38,26,38,38,38,38,38,38,38,38,38,38,38,38,38,38,38,38,38,38,38,38,38,38,38,38,38,
38,38,38,38,38,38,38,38,38,38,38,38,38,38,38,101,101,101,101,38,38,38,38,38,38,38,38,38,38,26,101,26,38,38,38,38,38,38,38,38,38,38,38,38,38,38,38,38,38,38,38,38,38,38,38,38,
38,38,38,38,38,38,38,38,38,38,38,38,38,38,38,101,101,101,101,101,38,38,38,38,38,26,101,101,101,101,101,101,26,38,38,38,38,38,38,38,38,38,38,38,38,38,38,38,38,38,38,38,38,38,38,38,
38,38,38,38,38,38,38,38,38,38,38,38,38,38,38,38,101,101,101,101,101,38,38,101,101,101,101,111,111,101,101,101,101,26,38,38,38,38,38,38,38,38,38,38,38,38,38,38,38,38,38,38,38,38,38,38,
38,38,38,38,38,38,38,38,38,38,38,38,38,38,38,38,38,38,101,101,101,101,26,101,101,101,111,111,111,111,101,101,101,26,38,38,38,38,38,38,38,38,38,38,38,38,38,38,38,38,38,38,38,38,38,38,
38,38,38,38,38,38,38,38,38,38,38,38,38,38,38,38,38,38,38,38,101,26,26,26,101,111,111,111,111,111,111,101,101,26,38,38,38,38,38,38,38,38,38,38,38,38,38,38,38,38,38,38,38,38,38,38,
38,38,38,38,38,38,38,38,38,38,38,38,38,38,38,38,38,38,38,38,38,38,38,38,101,101,111,111,111,111,111,101,101,26,38,38,38,38,38,38,38,38,38,38,38,38,38,38,38,38,38,38,38,38,38,38,
38,38,38,38,38,38,38,38,38,38,38,38,38,38,38,38,38,38,38,38,38,38,38,38,26,101,101,111,111,111,101,101,101,38,38,38,38,38,38,38,38,38,38,38,38,38,38,38,38,38,38,38,38,38,38,38,
38,38,38,38,38,38,38,38,38,38,38,38,38,38,38,38,38,38,38,38,38,38,38,38,38,26,101,101,101,101,101,101,26,38,38,38,38,38,38,38,38,38,38,38,38,38,38,38,38,38,38,38,38,38,38,38,
38,38,38,38,38,38,38,38,38,38,38,38,38,38,38,38,38,38,38,38,38,38,38,38,38,38,26,26,26,38,26,101,26,38,38,38,38,38,38,38,38,38,38,38,38,38,38,38,38,38,38,38,38,38,38,38,
38,38,38,38,38,38,38,38,38,38,38,38,38,38,38,38,38,38,38,38,38,38,38,38,38,38,38,38,38,38,38,26,38,38,38,38,38,38,38,38,38,38,38,38,38,38,38,38,38,38,38,38,38,38,38,38,
38,38,38,38,38,38,38,38,38,38,38,38,38,38,38,38,38,38,38,38,38,38,38,38,38,38,38,38,38,38,38,38,38,38,38,38,38,38,38,38,38,38,38,38,38,38,38,38,38,38,38,38,38,38,38,38,
38,38,38,38,38,38,38,38,38,38,38,38,38,38,38,38,38,38,38,38,38,38,38,38,38,38,38,38,38,38,38,38,38,38,38,38,38,38,38,38,38,38,38,38,38,38,38,38,38,38,38,38,38,38,38,38,
38,38,38,38,38,38,38,38,38,38,38,38,38,38,38,38,38,38,38,38,38,38,38,38,38,38,38,38,38,38,38,38,38,38,38,38,38,38,38,38,38,38,38,38,38,38,38,38,38,38,38,38,38,38,38,38,
38,38,38,38,38,38,38,38,38,38,38,38,38,38,38,38,38,38,38,38,38,38,38,38,38,38,38,38,38,38,38,38,38,38,38,38,38,38,38,38,38,38,38,38,38,38,38,38,38,38,38,38,38,38,38,38,
38,38,38,38,38,38,38,38,38,38,38,38,38,38,38,38,38,38,38,38,38,38,38,38,38,38,38,38,38,38,38,38,38,38,38,38,38,38,38,38,38,38,38,38,38,38,38,38,38,38,38,38,38,38,38,38,
38,38,38,38,38,38,38,38,38,38,38,38,38,38,38,38,38,38,38,38,38,38,38,38,38,38,38,38,38,38,38,38,38,38,38,38,38,38,38,38,38,38,38,38,38,38,38,38,38,38,38,38,38,38,38,38,
38,38,38,38,38,38,38,38,38,38,38,38,38,38,38,38,38,38,38,38,38,38,38,38,38,38,38,38,38,38,38,38,38,38,38,38,38,38,38,38,38,38,38,38,38,38,38,38,38,38,38,38,38,38,38,38,
38,38,38,38,38,38,38,38,38,38,38,38,38,38,38,38,38,38,38,38,38,38,38,38,38,38,38,38,38,38,38,38,38,38,38,38,38,38,38,38,38,38,38,38,38,38,38,38,38,38,38,38,38,38,38,38,
38,38,38,38,38,38,38,38,38,38,38,38,38,38,38,38,38,38,38,38,38,38,38,38,38,38,38,38,38,38,38,38,38,38,38,38,38,38,38,38,38,38,38,38,38,38,38,38,38,38,38,38,38,38,38,38,
38,38,38,38,38,38,38,38,38,38,38,38,38,38,38,38,38,38,38,38,38,38,38,38,38,38,38,38,38,38,38,38,38,38,38,38,38,38,38,38,38,38,38,38,38,38,38,38,38,38,38,38,38,38,38,38,
38,38,38,38,38,38,38,38,38,38,38,38,38,38,38,38,38,38,38,38,38,38,38,38,38,38,38,38,38,38,38,38,38,38,38,38,38,38,38,38,38,38,38,38,38,38,38,38,38,38,38,38,38,38,38,38,
}
height{
552,552,552,506,506,506,506,506,506,506,506,506,460,460,460,460,460,506,506,506,506,552,552,552,552,552,552,552,552,552,552,552,552,552,552,552,552,552,506,506,506,506,506,506,506,506,552,552,552,552,552,552,552,552,552,552,552,
552,552,506,506,506,506,460,460,460,460,460,460,460,460,460,460,460,460,460,506,506,506,506,552,552,552,552,552,552,552,552,552,552,506,506,506,506,506,506,506,506,506,506,506,506,506,506,506,506,552,552,552,552,552,552,552,552,
552,506,506,506,460,460,460,460,460,460,460,460,460,460,460,460,460,460,460,460,506,506,506,506,506,552,552,552,552,552,506,506,506,506,506,506,506,506,506,506,460,460,460,460,506,506,506,506,506,506,506,506,506,506,506,506,506,
506,506,506,460,460,460,460,460,552,552,552,552,552,552,552,552,552,460,460,460,460,506,506,506,506,506,506,506,506,506,506,506,506,506,506,460,460,460,460,460,460,460,460,460,460,460,506,506,506,506,506,506,506,506,506,506,506,
506,506,460,460,460,460,552,552,552,738,738,738,738,738,738,738,552,552,460,460,460,460,506,506,506,506,506,506,506,506,506,460,460,460,460,460,460,460,460,460,460,460,460,460,460,460,460,460,506,506,506,506,506,506,506,506,506,
506,506,460,460,460,552,552,738,738,738,692,646,646,646,646,646,692,552,552,460,460,460,460,460,460,460,506,506,506,460,460,460,460,460,460,460,460,460,460,460,414,414,414,414,414,460,460,460,460,506,506,506,506,506,506,506,506,
506,506,460,460,552,552,738,738,692,646,646,506,506,506,506,506,646,692,552,552,552,552,460,460,460,460,460,506,506,460,414,414,414,414,414,414,414,460,460,414,414,322,322,322,414,414,460,460,460,506,506,506,506,506,506,506,506,
506,506,460,460,552,552,738,692,646,506,506,460,414,414,460,506,506,692,552,552,552,552,552,552,552,552,460,460,506,460,414,414,414,414,414,414,414,414,414,414,322,322,230,322,322,414,414,460,460,506,506,506,506,506,506,506,506,
506,506,460,460,552,552,738,646,506,506,460,414,368,368,414,460,506,646,552,552,506,506,506,506,506,506,552,460,460,460,506,506,414,414,414,414,322,414,414,322,322,230,46,230,322,322,414,414,460,460,460,460,460,460,460,460,460,
506,506,460,460,552,552,738,646,506,460,414,272,276,322,414,460,506,506,646,552,506,552,552,552,552,506,506,506,506,460,460,460,506,414,414,414,322,322,322,322,230,46,46,46,230,322,322,414,460,460,460,460,460,460,460,460,460,
506,506,460,460,552,552,738,646,506,414,368,272,276,322,368,414,506,506,506,506,506,552,552,552,552,552,552,552,552,506,460,460,506,414,414,414,322,322,322,230,46,46,46,46,46,230,322,414,460,460,460,460,460,460,460,460,460,
506,506,460,460,552,552,738,646,506,460,414,368,368,368,414,460,506,506,506,506,460,506,506,552,552,552,552,552,552,552,506,460,460,414,414,414,414,322,230,46,46,46,46,230,230,230,322,414,460,460,460,460,460,460,460,460,460,
506,506,460,460,552,552,692,646,506,506,460,414,414,414,460,506,506,506,506,460,460,460,414,506,506,552,552,552,552,552,552,506,460,460,460,460,414,322,322,230,46,46,230,230,322,322,322,414,460,460,460,460,460,460,460,460,460,
506,506,460,460,460,552,552,552,646,506,506,460,460,460,506,506,506,460,460,460,414,368,368,414,460,506,552,552,552,552,552,506,506,460,460,460,414,414,322,322,230,230,230,322,322,414,414,414,460,460,460,460,460,460,460,460,460,
506,506,506,460,460,460,552,552,646,646,506,506,506,506,506,506,460,460,368,230,322,322,322,414,460,460,552,552,506,552,552,552,506,506,460,460,460,414,414,322,322,322,322,322,414,414,460,460,460,506,506,506,506,506,506,506,506,
506,506,506,506,506,460,460,552,552,646,552,552,552,552,460,414,368,276,184,184,230,322,322,414,460,460,552,552,552,506,506,552,552,506,506,506,460,460,414,414,414,414,414,414,414,460,460,460,460,506,506,506,506,506,506,506,506,
506,506,506,506,506,460,460,552,646,692,646,646,646,460,368,368,322,138,138,184,184,184,322,414,460,552,552,552,552,460,506,506,552,552,552,506,506,460,460,460,460,460,460,460,460,460,460,460,506,506,506,506,506,506,506,506,506,
506,506,506,506,460,460,552,552,646,738,738,738,738,646,414,368,322,184,138,184,230,276,322,460,552,552,552,552,552,552,460,460,506,506,552,552,552,506,506,460,460,460,460,460,460,460,460,506,506,552,552,552,552,552,552,552,552,
506,506,460,460,460,552,552,646,692,738,738,738,738,692,646,414,368,230,184,230,276,276,322,460,460,552,552,552,552,460,460,460,460,460,506,506,552,552,506,506,506,506,506,506,506,506,506,506,552,552,552,552,552,552,552,552,552,
506,506,460,460,460,552,646,692,738,738,600,600,600,738,692,646,414,368,322,322,276,322,322,460,460,460,460,460,460,460,414,414,460,460,460,460,506,552,552,552,552,552,552,552,552,552,552,552,552,552,552,552,552,552,552,552,552,
506,506,506,460,460,552,646,738,738,600,600,600,600,738,738,692,414,414,368,368,322,322,414,460,460,460,460,460,460,460,414,414,414,460,460,460,460,506,506,506,506,506,506,506,506,506,506,506,552,552,552,552,552,552,552,552,552,
506,506,506,460,460,552,646,738,600,600,600,600,600,600,738,738,506,506,460,414,460,414,414,414,414,414,414,414,414,414,414,414,414,414,414,460,460,460,460,460,460,460,460,460,460,460,460,506,506,552,552,552,552,552,552,552,552,
506,506,506,460,460,552,646,738,600,600,600,600,600,600,738,692,646,552,552,552,460,460,414,414,414,414,414,414,414,414,414,414,414,414,414,414,460,460,460,460,460,460,460,460,460,460,460,460,506,506,506,506,506,506,506,506,506,
506,506,506,506,460,552,646,738,600,600,600,600,600,600,738,646,646,552,460,460,460,460,460,414,414,414,414,414,460,414,414,414,414,414,414,414,414,414,414,414,414,414,414,414,460,460,460,460,460,506,506,506,506,506,506,506,506,
506,506,506,506,460,552,646,692,738,600,600,600,600,600,692,646,552,552,460,414,414,414,414,414,414,322,322,414,460,460,460,414,414,414,414,322,322,414,322,322,322,322,322,414,414,414,460,460,460,506,506,506,506,506,506,506,506,
506,506,506,506,460,552,552,646,692,738,600,600,600,692,646,646,552,460,414,414,322,322,322,322,322,322,322,414,460,460,460,460,460,414,414,414,322,322,322,230,230,230,322,322,322,414,460,460,460,460,460,460,460,460,460,460,460,
552,506,506,506,506,460,552,552,646,738,738,738,738,646,646,552,552,460,414,322,322,230,230,230,322,322,322,414,460,460,460,460,460,460,460,414,414,322,230,46,46,46,230,230,322,414,460,460,460,460,460,460,460,460,460,460,460,
552,506,506,506,506,460,460,552,646,738,738,738,738,646,552,552,460,460,414,322,230,46,46,46,230,322,322,414,460,460,460,460,460,460,460,414,414,322,230,46,46,46,46,230,322,414,460,460,460,460,460,460,460,460,460,460,460,
552,506,506,506,506,460,460,552,646,692,738,738,738,646,552,460,460,460,414,322,230,46,46,46,46,230,322,414,460,460,460,460,460,460,460,460,414,322,322,230,46,46,46,230,322,414,460,460,460,460,460,460,460,460,460,460,460,
552,552,506,506,506,460,552,552,552,646,692,738,692,646,552,460,460,460,414,322,230,46,46,46,230,230,322,414,460,460,460,460,460,460,460,460,414,414,322,322,230,46,230,230,322,414,460,460,460,460,460,460,460,460,460,460,460,
552,552,552,506,506,460,552,414,414,460,692,692,692,646,552,414,414,414,414,322,322,230,46,230,230,322,322,414,460,460,460,460,460,460,460,460,460,414,414,322,230,230,230,322,322,414,460,460,460,460,460,460,460,460,460,460,460,
552,552,552,506,506,506,506,414,414,460,692,692,646,646,506,506,460,414,414,414,322,230,230,230,322,322,414,414,460,460,460,506,506,460,460,460,460,460,414,322,322,322,322,322,414,414,460,460,460,460,460,460,460,460,460,460,460,
552,552,552,552,506,506,506,414,414,460,646,646,646,506,506,506,460,460,368,368,322,322,322,322,322,414,414,460,460,460,460,460,460,506,506,506,460,460,414,414,414,414,414,414,414,460,460,460,460,506,506,506,506,506,506,506,506,
552,552,552,552,506,506,506,414,414,414,460,506,506,506,506,460,460,460,368,368,368,414,414,414,414,414,460,460,460,460,460,460,460,460,506,506,506,460,460,460,460,460,460,460,460,460,460,460,506,506,506,506,506,506,506,506,506,
552,552,552,552,552,506,506,414,368,414,414,460,506,506,460,460,460,460,414,368,368,368,414,414,414,414,414,414,414,414,414,414,460,460,460,506,506,506,506,460,460,460,460,460,460,460,460,506,506,506,506,506,506,506,506,506,506,
552,552,552,552,552,506,506,460,414,368,368,414,460,460,460,460,460,414,414,414,368,368,368,368,368,322,322,322,322,322,322,414,414,460,460,460,506,506,506,506,506,460,460,460,460,460,506,506,506,506,506,506,506,506,506,506,506,
552,552,552,552,552,506,506,460,414,414,368,368,414,460,460,460,460,414,414,414,414,414,368,368,322,322,230,230,230,230,322,322,414,414,414,460,460,506,506,506,506,506,506,506,506,506,506,506,506,552,552,552,552,552,552,552,552,
600,552,552,552,552,506,506,460,460,414,414,368,368,414,460,414,414,414,414,414,414,414,414,322,322,230,230,46,46,46,230,322,322,322,414,460,460,460,506,506,506,506,506,506,506,506,506,506,506,552,552,552,552,552,552,552,552,
600,600,552,552,552,506,506,506,460,414,414,368,368,368,368,414,414,414,414,414,414,414,414,322,230,230,46,46,46,46,46,230,230,322,414,460,460,460,506,506,506,506,506,506,506,506,506,552,552,552,552,552,552,552,552,552,552,
600,600,552,552,552,552,506,506,460,460,414,414,414,368,368,368,368,414,414,414,414,414,414,322,230,46,46,46,46,46,46,46,230,322,414,460,460,460,506,506,506,552,506,506,506,506,552,552,552,552,552,552,552,552,552,552,552,
600,600,600,552,552,552,552,506,506,460,460,414,414,414,414,368,368,368,368,414,414,414,414,322,230,46,46,46,46,46,46,46,230,322,414,460,460,460,506,506,506,552,552,552,552,552,552,552,552,552,552,552,552,552,552,552,552,
600,600,600,600,552,552,552,552,506,506,460,460,460,414,414,414,414,368,368,368,368,368,414,322,322,230,46,46,46,46,46,46,230,322,414,460,460,506,506,506,506,552,552,552,552,552,552,552,552,600,600,600,600,600,600,600,600,
600,600,600,600,600,552,552,552,552,506,506,460,460,460,460,414,414,414,414,368,368,368,368,322,322,322,230,46,46,46,46,230,230,322,414,460,460,506,506,506,506,552,552,552,552,552,552,600,600,646,646,646,646,646,646,646,646,
646,600,600,600,600,552,552,552,552,506,506,506,506,460,460,460,460,414,414,414,414,368,368,368,368,322,230,230,230,230,230,230,322,322,414,460,460,506,506,506,552,552,552,552,600,600,646,646,646,646,646,646,646,646,646,646,646,
646,646,600,600,600,600,552,552,552,552,506,506,506,506,460,460,460,460,460,414,414,414,414,414,414,322,322,322,322,322,322,322,322,414,414,460,506,506,506,506,552,552,600,646,646,646,646,646,646,646,646,646,646,646,646,646,646,
646,646,600,600,600,600,600,600,552,552,552,552,506,506,506,506,460,460,460,460,460,414,414,414,414,414,414,414,414,414,414,414,414,414,460,460,506,506,506,506,552,600,646,646,646,646,646,692,692,692,692,692,692,692,692,692,692,
646,646,646,600,600,600,600,600,600,600,552,552,552,506,506,506,506,506,506,460,460,460,460,460,460,460,460,460,460,460,460,460,460,460,460,460,506,506,506,552,552,600,646,646,646,646,692,692,692,692,692,692,692,692,692,692,692,
692,646,646,646,600,600,600,600,600,600,600,552,552,552,552,506,506,506,506,506,506,506,460,460,460,460,460,460,460,460,460,460,460,460,460,506,506,506,506,552,552,600,646,646,646,692,692,692,692,738,738,738,738,738,738,738,738,
692,692,646,646,646,646,600,600,600,600,600,600,600,552,552,552,506,506,506,506,506,506,506,506,506,506,506,506,506,506,506,506,506,506,506,506,506,506,552,552,552,600,646,646,646,692,692,692,738,738,738,738,738,738,738,738,738,
692,692,692,646,646,646,646,600,600,600,600,600,600,600,552,552,552,552,552,506,506,506,506,506,506,506,506,506,506,506,506,506,506,506,506,506,506,552,552,552,600,646,646,646,692,552,692,738,738,738,738,738,738,738,738,738,738,
738,738,738,738,738,738,738,738,738,738,738,738,738,738,738,738,738,738,738,738,738,738,738,738,738,738,738,738,738,738,738,738,738,738,738,738,738,738,738,738,738,738,738,738,738,738,738,738,738,738,738,738,738,738,738,738,738,
738,738,738,738,738,738,738,738,738,738,738,738,738,738,738,738,738,738,738,738,738,738,738,738,738,738,738,738,738,738,738,738,738,738,738,738,738,738,738,738,738,738,738,738,738,738,738,738,738,738,738,738,738,738,738,738,738,
738,738,738,738,738,738,738,738,738,738,738,738,738,738,738,738,738,738,738,738,738,738,738,738,738,738,738,738,738,738,738,738,738,738,738,738,738,738,738,738,738,738,738,738,738,738,738,738,738,738,738,738,738,738,738,738,738,
738,738,738,738,738,738,738,738,738,738,738,738,738,738,738,738,738,738,738,738,738,738,738,738,738,738,738,738,738,738,738,738,738,738,738,738,738,738,738,738,738,738,738,738,738,738,738,738,738,738,738,738,738,738,738,738,738,
738,738,738,738,738,738,738,738,738,738,738,738,738,738,738,738,738,738,738,738,738,738,738,738,738,738,738,738,738,738,738,738,738,738,738,738,738,738,738,738,738,738,738,738,738,738,738,738,738,738,738,738,738,738,738,738,738,
738,738,738,738,738,738,738,738,738,738,738,738,738,738,738,738,738,738,738,738,738,738,738,738,738,738,738,738,738,738,738,738,738,738,738,738,738,738,738,738,738,738,738,738,738,738,738,738,738,738,738,738,738,738,738,738,738,
738,738,738,738,738,738,738,738,738,738,738,738,738,738,738,738,738,738,738,738,738,738,738,738,738,738,738,738,738,738,738,738,738,738,738,738,738,738,738,738,738,738,738,738,738,738,738,738,738,738,738,738,738,738,738,738,738,
}
resources{
crystals:
0,0,0,0,0,0,0,0,0,0,0,0,0,0,0,0,0,0,0,0,0,0,0,0,0,0,0,0,0,0,0,0,0,0,0,0,0,0,0,0,0,0,0,0,0,0,0,0,0,0,0,0,0,0,0,0,
0,0,0,0,0,0,0,0,0,0,0,0,0,0,0,0,0,0,0,0,0,0,0,0,0,0,0,0,0,0,0,0,0,0,0,0,0,0,0,0,0,0,0,0,0,0,0,0,0,0,0,0,0,0,0,0,
0,0,0,0,0,0,0,0,0,0,0,0,0,0,0,0,0,0,0,0,0,0,0,0,0,0,0,0,0,0,0,0,0,0,0,0,0,0,0,0,0,0,0,0,0,0,0,0,0,0,0,0,0,0,0,0,
0,0,0,0,0,0,0,0,0,0,0,0,0,0,0,0,0,0,0,0,0,0,0,0,0,0,0,0,0,0,0,0,0,0,0,0,0,0,0,0,0,0,0,0,0,0,0,0,0,0,0,0,0,0,0,0,
0,0,0,0,0,0,0,0,0,0,0,0,0,0,0,0,0,0,0,0,0,0,0,0,0,0,0,0,0,0,0,0,0,0,0,0,0,0,0,0,0,0,0,0,0,0,0,0,0,0,0,0,0,0,0,0,
0,0,0,0,0,0,0,0,0,0,0,0,0,0,0,0,0,0,0,0,0,0,0,0,0,0,0,0,0,0,0,0,0,0,0,0,0,0,0,0,0,0,0,0,0,0,0,0,0,0,0,0,0,0,0,0,
0,0,0,0,0,0,0,0,0,0,0,0,0,0,0,0,0,0,0,0,0,1,0,0,0,0,0,0,0,0,0,0,0,0,0,0,0,0,0,0,0,0,0,0,0,0,0,0,0,0,0,0,0,0,0,0,
0,0,0,0,0,0,0,0,0,0,0,0,0,0,0,0,0,1,0,0,0,0,0,0,1,0,0,0,0,0,0,0,0,0,0,0,0,0,0,0,0,1,0,3,0,0,0,0,0,0,0,0,0,0,0,0,
0,0,0,0,0,0,0,0,0,0,0,0,0,0,0,0,0,0,0,0,0,0,0,0,0,0,0,1,0,0,0,0,0,0,0,0,0,0,0,0,0,0,0,0,3,0,0,0,0,0,0,0,0,0,0,0,
0,0,0,0,0,1,0,0,0,0,0,0,0,0,0,0,0,0,0,0,0,0,0,0,0,0,0,0,0,0,0,0,0,0,0,0,0,0,0,1,0,0,0,0,0,0,0,0,0,0,0,0,0,0,0,0,
0,0,0,0,0,0,0,0,0,0,0,0,0,0,0,0,0,0,0,0,1,0,0,0,0,0,0,0,0,0,0,0,0,0,0,0,0,0,0,0,0,0,0,0,0,0,0,0,0,0,0,0,0,0,0,0,
0,0,0,0,0,0,0,0,0,0,0,0,0,0,0,0,0,0,0,0,0,0,0,0,0,0,0,0,0,0,1,0,0,0,0,0,0,0,0,0,0,0,0,1,0,0,0,0,0,0,0,0,0,0,0,0,
0,0,0,0,0,1,0,0,0,0,0,0,0,0,0,0,0,0,0,0,0,0,0,0,0,0,0,0,0,0,0,0,0,0,0,0,0,0,0,0,0,0,1,0,0,0,0,0,0,0,0,0,0,0,0,0,
0,0,0,0,0,0,1,0,0,0,0,0,0,0,0,0,0,0,1,1,0,0,0,0,0,0,0,0,0,0,0,0,0,0,0,0,0,0,0,0,0,0,0,0,0,0,0,0,0,0,0,0,0,0,0,0,
0,0,0,0,0,0,0,0,0,0,1,0,0,0,0,0,0,0,0,0,0,0,1,0,0,0,1,0,0,0,0,0,0,0,0,0,0,0,0,0,0,0,0,0,0,0,0,0,0,0,0,0,0,0,0,0,
0,0,0,0,0,0,0,0,0,0,0,0,0,0,0,0,0,0,0,0,0,0,0,0,0,0,0,0,0,0,0,0,0,0,0,0,0,0,0,0,0,0,0,0,0,0,0,0,0,0,0,0,0,0,0,0,
0,0,0,0,0,0,0,0,1,0,0,1,0,0,0,1,0,0,0,0,0,0,0,0,0,0,0,0,0,0,0,0,0,0,0,0,0,0,0,0,0,0,0,0,0,0,0,0,0,0,0,0,0,0,0,0,
0,0,0,0,0,0,0,0,0,0,0,0,0,0,0,0,0,0,0,0,0,1,0,0,0,0,0,0,0,0,0,0,0,0,0,0,0,0,0,0,0,0,0,0,0,0,0,0,0,0,0,0,0,0,0,0,
0,0,0,0,0,0,0,0,0,0,0,0,0,0,0,0,1,0,0,0,0,0,0,0,0,0,0,0,0,0,0,0,0,0,0,0,0,0,0,0,0,0,0,0,0,0,0,0,0,0,0,0,0,0,0,0,
0,0,0,0,0,0,0,0,0,0,0,0,0,0,0,0,0,0,1,0,0,0,0,0,0,0,0,0,0,0,0,0,0,0,0,0,0,0,0,0,0,0,0,0,0,0,0,0,0,0,0,0,0,0,0,0,
0,0,0,0,0,0,0,0,0,0,0,0,0,0,0,0,0,0,0,0,0,0,0,0,0,0,0,0,0,0,0,0,0,0,0,0,0,0,0,0,0,0,0,0,0,0,0,0,0,0,0,0,0,0,0,0,
0,0,0,0,0,0,0,0,0,0,0,0,0,0,0,0,0,0,0,0,0,0,0,0,0,0,0,0,0,0,0,0,0,0,0,0,0,0,0,0,0,0,0,0,0,0,0,0,0,0,0,0,0,0,0,0,
0,0,0,0,0,0,1,0,0,0,0,0,0,0,0,0,0,0,0,0,0,0,0,0,0,0,0,0,0,0,0,0,0,0,0,0,0,0,0,0,0,0,0,0,0,0,0,0,0,0,0,0,0,0,0,0,
0,0,0,0,0,0,0,0,0,0,0,0,0,0,0,0,0,0,0,0,0,0,0,0,0,0,0,0,0,0,0,0,0,0,0,0,0,0,0,0,0,0,0,0,0,0,0,0,0,0,0,0,0,0,0,0,
0,0,0,0,0,0,1,0,0,0,0,0,0,0,1,0,0,0,0,0,0,0,0,0,0,0,0,0,0,0,0,0,0,0,0,0,0,0,0,0,0,0,0,0,0,0,0,0,0,0,0,0,0,0,0,0,
0,0,0,0,0,0,0,0,0,0,0,0,0,0,0,0,0,0,0,0,0,0,1,0,0,0,0,0,0,0,0,0,0,0,0,0,0,0,0,0,0,0,3,0,0,0,0,0,0,0,0,0,0,0,0,0,
0,0,0,0,0,0,0,1,0,0,0,0,0,1,0,0,0,0,0,0,1,0,0,0,0,0,0,0,0,0,0,0,0,0,0,0,0,0,0,0,0,0,0,0,0,0,0,0,0,0,0,0,0,0,0,0,
0,0,0,0,0,0,0,0,0,0,0,0,0,0,0,0,0,0,0,0,0,0,0,0,0,0,0,0,0,0,0,0,0,0,0,0,0,0,0,0,0,0,0,3,0,0,0,0,0,0,0,0,0,0,0,0,
0,0,0,0,0,0,0,0,0,1,0,0,0,0,0,0,0,0,0,3,0,0,0,0,0,1,0,0,0,0,0,0,0,0,0,0,0,0,3,0,0,0,0,3,0,0,0,0,0,0,0,0,0,0,0,0,
0,0,0,0,0,0,0,0,0,0,1,0,0,0,0,0,0,0,0,0,0,0,0,0,0,0,0,0,0,0,0,0,0,0,0,0,0,0,0,3,0,0,3,0,0,0,0,0,0,0,0,0,0,0,0,0,
0,0,0,0,0,0,0,0,0,0,0,0,0,0,0,0,0,0,0,0,0,0,0,1,0,0,0,0,0,0,0,0,0,0,0,0,0,0,0,0,0,3,0,0,0,0,0,0,0,0,0,0,0,0,0,0,
0,0,0,0,0,0,0,0,0,0,0,0,0,0,0,0,0,0,0,0,0,3,0,0,0,0,0,0,0,0,0,0,0,0,0,0,0,0,0,0,0,0,0,0,0,0,0,0,0,0,0,0,0,0,0,0,
0,0,0,0,0,0,0,0,0,0,0,0,0,0,0,0,0,0,0,0,0,0,0,0,0,0,0,0,0,0,0,0,0,0,0,0,0,0,0,0,0,0,0,0,0,0,0,0,0,0,0,0,0,0,0,0,
0,0,0,0,0,0,0,0,0,0,0,0,0,0,0,0,0,0,0,0,0,0,0,0,0,0,0,0,0,0,0,0,0,0,0,0,0,0,0,0,0,0,0,0,0,0,0,0,0,0,0,0,0,0,0,0,
0,0,0,0,0,0,0,0,0,0,0,0,0,0,0,0,0,0,0,0,0,0,0,0,0,0,0,0,0,0,1,0,0,0,0,0,0,0,0,0,0,0,0,0,0,0,0,0,0,0,0,0,0,0,0,0,
0,0,0,0,0,0,0,0,0,0,0,0,0,0,0,0,0,0,0,0,0,0,0,0,0,0,0,0,0,5,0,1,0,0,0,0,0,0,0,0,0,0,0,0,0,0,0,0,0,0,0,0,0,0,0,0,
0,0,0,0,0,0,0,0,0,0,0,0,0,0,0,0,0,0,0,0,0,0,0,0,0,0,0,0,0,0,0,0,1,0,0,0,0,0,0,0,0,0,0,0,0,0,0,0,0,0,0,0,0,0,0,0,
0,0,0,0,0,0,0,0,0,0,0,0,0,0,0,0,0,0,0,0,0,0,0,0,0,0,0,0,0,0,0,0,0,3,0,0,0,0,0,0,0,0,0,0,0,0,0,0,0,0,0,0,0,0,0,0,
0,0,0,0,0,0,0,0,0,0,0,0,0,0,0,0,0,0,0,0,0,0,0,0,0,0,0,0,0,0,0,0,0,1,0,0,0,0,0,0,0,0,0,0,0,0,0,0,0,0,0,0,0,0,0,0,
0,0,0,0,0,0,0,0,0,0,0,0,0,0,0,0,0,0,0,0,0,0,1,0,0,0,0,0,0,0,0,0,0,1,0,0,0,0,0,0,0,0,0,0,0,0,0,0,0,0,0,0,0,0,0,0,
0,0,0,0,0,0,0,0,0,0,0,0,0,0,0,0,0,0,0,0,0,0,0,0,0,0,0,0,0,0,0,0,0,3,0,0,0,0,0,0,0,0,0,0,0,0,0,0,0,0,0,0,0,0,0,0,
0,0,0,0,0,0,0,0,0,0,0,0,0,0,0,0,0,0,0,0,0,0,0,0,0,0,0,0,0,0,0,0,0,0,0,0,0,0,0,0,0,0,0,0,0,0,0,0,0,0,0,0,0,0,0,0,
0,0,0,0,0,0,0,0,0,0,0,0,0,0,0,0,0,0,0,0,0,0,0,0,0,0,0,0,0,0,0,0,1,0,0,0,0,0,0,0,0,0,0,0,0,0,0,0,0,0,0,0,0,0,0,0,
0,0,0,0,0,0,0,0,0,0,0,0,0,0,0,0,0,0,0,0,0,0,0,0,0,0,0,3,0,0,5,0,1,0,0,0,0,0,0,0,0,0,0,0,0,0,0,0,0,0,0,0,0,0,0,0,
0,0,0,0,0,0,0,0,0,0,0,0,0,0,0,0,0,0,0,0,0,0,0,0,0,0,0,0,0,0,0,1,0,0,0,0,0,0,0,0,0,0,0,0,0,0,0,0,0,0,0,0,0,0,0,0,
0,0,0,0,0,0,0,0,0,0,0,0,0,0,0,0,0,0,0,0,0,0,0,0,0,0,0,0,0,0,0,0,0,0,0,0,0,0,0,0,0,0,0,0,0,0,0,0,0,0,0,0,0,0,0,0,
0,0,0,0,0,0,0,0,0,0,0,0,0,0,0,0,0,0,0,0,0,0,0,0,0,0,0,0,0,0,0,0,0,0,0,0,0,0,0,0,0,0,0,0,0,0,0,0,0,0,0,0,0,0,0,0,
0,0,0,0,0,0,0,0,0,0,0,0,0,0,0,0,0,0,0,0,0,0,0,0,0,0,0,0,0,0,0,0,0,0,0,0,0,0,0,0,0,0,0,0,0,0,0,0,0,0,0,0,0,0,0,0,
0,0,0,0,0,0,0,0,0,0,0,0,0,0,0,0,0,0,0,0,0,0,0,0,0,0,0,0,0,0,0,0,0,0,0,0,0,0,0,0,0,0,0,0,0,0,0,0,0,0,0,0,0,0,0,0,
0,0,0,0,0,0,0,0,0,0,0,0,0,0,0,0,0,0,0,0,0,0,0,0,0,0,0,0,0,0,0,0,0,0,0,0,0,0,0,0,0,0,0,0,0,0,0,0,0,0,0,0,0,0,0,0,
0,0,0,0,0,0,0,0,0,0,0,0,0,0,0,0,0,0,0,0,0,0,0,0,0,0,0,0,0,0,0,0,0,0,0,0,0,0,0,0,0,0,0,0,0,0,0,0,0,0,0,0,0,0,0,0,
0,0,0,0,0,0,0,0,0,0,0,0,0,0,0,0,0,0,0,0,0,0,0,0,0,0,0,0,0,0,0,0,0,0,0,0,0,0,0,0,0,0,0,0,0,0,0,0,0,0,0,0,0,0,0,0,
0,0,0,0,0,0,0,0,0,0,0,0,0,0,0,0,0,0,0,0,0,0,0,0,0,0,0,0,0,0,0,0,0,0,0,0,0,0,0,0,0,0,0,0,0,0,0,0,0,0,0,0,0,0,0,0,
0,0,0,0,0,0,0,0,0,0,0,0,0,0,0,0,0,0,0,0,0,0,0,0,0,0,0,0,0,0,0,0,0,0,0,0,0,0,0,0,0,0,0,0,0,0,0,0,0,0,0,0,0,0,0,0,
0,0,0,0,0,0,0,0,0,0,0,0,0,0,0,0,0,0,0,0,0,0,0,0,0,0,0,0,0,0,0,0,0,0,0,0,0,0,0,0,0,0,0,0,0,0,0,0,0,0,0,0,0,0,0,0,
0,0,0,0,0,0,0,0,0,0,0,0,0,0,0,0,0,0,0,0,0,0,0,0,0,0,0,0,0,0,0,0,0,0,0,0,0,0,0,0,0,0,0,0,0,0,0,0,0,0,0,0,0,0,0,0,
ore:
0,0,0,0,0,0,0,0,0,0,0,0,0,0,0,0,0,0,0,0,0,0,0,0,0,0,0,0,0,0,0,0,0,0,0,0,0,0,0,0,0,0,0,0,0,0,0,0,0,0,0,0,0,0,0,0,
0,0,0,0,0,0,0,0,0,0,0,0,0,0,0,0,0,0,0,0,0,0,0,0,0,0,0,0,0,0,0,0,0,0,0,0,0,0,0,0,0,0,0,0,0,0,0,0,0,0,0,0,0,0,0,0,
0,0,0,0,0,0,0,0,0,0,0,0,0,0,0,0,0,0,0,0,0,0,0,0,0,0,0,0,0,0,0,0,0,0,0,0,0,0,0,0,0,0,0,0,0,0,0,0,0,0,0,0,0,0,0,0,
0,0,0,0,0,0,0,0,0,0,0,0,0,0,0,0,0,0,0,0,0,0,0,0,0,0,0,0,0,0,0,0,0,0,0,0,0,0,0,0,0,0,0,0,0,0,0,0,0,0,0,0,0,0,0,0,
0,0,0,0,0,0,0,0,0,0,0,0,0,0,0,0,0,0,0,0,0,0,0,0,0,0,0,0,0,0,0,0,0,0,0,0,0,0,0,0,0,0,0,0,0,0,0,0,0,0,0,0,0,0,0,0,
0,0,0,0,0,0,0,0,0,0,0,0,0,0,0,0,0,0,0,0,0,0,0,0,0,0,0,0,0,0,0,0,0,0,0,0,0,0,0,0,0,0,0,0,0,0,0,0,0,0,0,0,0,0,0,0,
0,0,0,0,0,0,0,0,0,0,0,0,0,0,0,0,0,0,0,0,0,0,0,0,0,0,0,0,0,0,0,0,0,0,0,0,0,0,0,0,0,0,0,0,0,0,0,0,0,0,0,0,0,0,0,0,
0,0,0,0,0,0,0,0,0,0,0,0,0,0,0,0,0,0,0,0,0,0,0,0,0,0,0,0,0,0,0,0,0,0,0,0,0,0,0,0,0,0,0,0,0,0,0,0,0,0,0,0,0,0,0,0,
0,0,0,0,0,0,0,0,0,0,0,0,0,0,0,0,0,0,0,0,0,0,0,0,0,0,0,0,0,0,0,0,0,0,0,0,0,0,0,0,0,0,0,0,0,0,0,0,0,0,0,0,0,0,0,0,
0,0,0,0,0,0,0,0,0,0,0,0,0,0,0,0,0,0,0,0,0,0,0,0,0,0,0,0,0,0,0,0,0,0,0,0,0,0,0,0,0,0,0,0,0,0,0,0,0,0,0,0,0,0,0,0,
0,0,0,0,0,0,0,0,0,0,0,0,0,0,0,0,0,0,0,0,0,0,0,0,0,0,0,0,0,0,0,0,0,0,0,0,0,0,0,0,0,0,0,0,0,0,0,0,0,0,0,0,0,0,0,0,
0,0,0,0,0,0,0,0,0,0,0,0,0,0,0,0,0,0,0,0,0,0,0,0,0,0,0,0,0,0,0,0,0,0,0,0,0,0,0,0,0,0,0,0,0,0,0,0,0,0,0,0,0,0,0,0,
0,0,0,0,0,0,0,0,0,0,0,0,0,0,0,0,0,0,0,0,0,0,0,0,0,0,0,0,0,0,0,0,0,0,0,0,0,0,0,0,0,0,0,0,0,0,0,0,0,0,0,0,0,0,0,0,
0,0,0,0,0,0,0,0,0,0,0,0,0,0,0,0,0,0,0,0,0,0,0,0,0,0,0,0,0,0,0,0,0,0,0,0,0,0,0,0,0,0,0,0,0,0,0,0,0,0,0,0,0,0,0,0,
0,0,0,0,0,0,0,0,0,0,0,0,0,0,0,0,0,0,0,0,0,0,0,0,0,0,0,0,0,0,0,0,0,0,0,0,0,0,0,0,0,0,0,0,0,0,0,0,0,0,0,0,0,0,0,0,
0,0,0,0,0,0,0,0,0,0,0,0,0,0,0,0,0,0,0,0,0,0,0,0,0,0,0,0,0,0,0,0,0,0,0,0,0,0,0,0,0,0,0,0,0,0,0,0,0,0,0,0,0,0,0,0,
0,0,0,0,0,0,0,0,0,0,0,0,0,0,0,0,0,0,0,0,0,0,0,0,0,0,0,0,0,0,0,0,0,0,0,0,0,0,0,0,0,0,0,0,0,0,0,0,0,0,0,0,0,0,0,0,
0,0,0,0,0,0,0,0,0,0,0,0,0,0,0,0,0,0,0,0,0,0,0,0,0,0,0,0,0,0,0,0,0,0,0,0,0,0,0,0,0,0,0,0,0,0,0,0,0,0,0,0,0,0,0,0,
0,0,0,0,0,0,0,0,0,0,0,0,0,0,0,0,0,0,0,0,0,0,0,0,0,0,0,0,0,0,0,0,0,0,0,0,0,0,0,0,0,0,0,0,0,0,0,0,0,0,0,0,0,0,0,0,
0,0,0,0,0,0,0,0,0,0,0,0,0,0,0,0,0,0,0,0,0,0,0,0,0,0,0,0,0,0,0,0,0,0,0,0,0,0,0,0,0,0,0,0,0,0,0,0,0,0,0,0,0,0,0,0,
0,0,0,0,0,0,0,0,0,0,0,0,0,0,0,0,0,0,0,0,0,0,0,0,0,0,0,0,0,0,0,0,0,0,0,0,0,0,0,0,0,0,0,0,0,0,0,0,0,0,0,0,0,0,0,0,
0,0,0,0,0,0,0,0,0,0,0,0,0,0,0,0,0,0,0,0,0,0,0,0,0,0,0,0,0,0,0,0,0,0,0,0,0,0,0,0,0,0,0,0,0,0,0,0,0,0,0,0,0,0,0,0,
0,0,0,0,0,0,0,0,0,0,0,0,0,0,0,0,0,0,0,0,0,0,0,0,0,0,0,0,0,0,0,0,0,0,0,0,0,0,0,0,0,0,0,0,0,0,0,0,0,0,0,0,0,0,0,0,
0,0,0,0,0,0,0,0,0,0,0,0,0,0,0,0,0,0,0,0,0,0,0,0,0,0,0,0,0,0,0,0,0,0,0,0,0,0,0,0,0,0,0,0,0,0,0,0,0,0,0,0,0,0,0,0,
0,0,0,0,0,0,0,0,0,0,0,0,0,0,0,0,0,0,0,0,0,0,0,0,0,0,0,0,0,0,0,0,0,0,0,0,0,0,0,0,0,0,0,0,0,0,0,0,0,0,0,0,0,0,0,0,
0,0,0,0,0,0,0,0,0,0,0,0,0,0,0,0,0,0,0,0,0,0,0,0,0,0,0,0,0,0,0,0,0,0,0,0,0,0,0,0,0,0,0,0,0,0,0,0,0,0,0,0,0,0,0,0,
0,0,0,0,0,0,0,0,0,0,0,0,0,0,0,0,0,0,0,0,0,0,0,0,0,0,0,0,0,0,0,0,0,0,0,0,0,0,0,0,0,0,0,0,0,0,0,0,0,0,0,0,0,0,0,0,
0,0,0,0,0,0,0,0,0,0,0,0,0,0,0,0,0,0,0,0,0,0,0,0,0,0,0,0,0,0,0,0,0,0,0,0,0,0,0,0,0,0,0,0,0,0,0,0,0,0,0,0,0,0,0,0,
0,0,0,0,0,0,0,0,0,0,0,0,0,0,0,0,0,0,0,0,0,0,0,0,0,0,0,0,0,0,0,0,0,0,0,0,0,0,0,0,0,0,0,0,0,0,0,0,0,0,0,0,0,0,0,0,
0,0,0,0,0,0,0,0,0,0,0,0,0,0,0,0,0,0,0,0,0,0,0,0,0,0,0,0,0,0,0,0,0,0,0,0,0,0,0,0,0,0,0,0,0,0,0,0,0,0,0,0,0,0,0,0,
0,0,0,0,0,0,0,0,0,0,0,0,0,0,0,0,0,0,0,0,0,0,0,0,0,0,0,0,0,0,0,0,0,0,0,0,0,0,0,0,0,0,0,0,0,0,0,0,0,0,0,0,0,0,0,0,
0,0,0,0,0,0,0,0,0,0,0,0,0,0,0,0,0,0,0,0,0,0,0,0,0,0,0,0,0,0,0,0,0,0,0,0,0,0,0,0,0,0,0,0,0,0,0,0,0,0,0,0,0,0,0,0,
0,0,0,0,0,0,0,0,0,0,0,0,0,0,0,0,0,0,0,0,0,0,0,0,0,0,0,0,0,0,0,0,0,0,0,0,0,0,0,0,0,0,0,0,0,0,0,0,0,0,0,0,0,0,0,0,
0,0,0,0,0,0,0,0,0,0,0,0,0,0,0,0,0,0,0,0,0,0,0,0,0,0,0,0,0,0,0,0,0,0,0,0,0,0,0,0,0,0,0,0,0,0,0,0,0,0,0,0,0,0,0,0,
0,0,0,0,0,0,0,0,0,0,0,0,0,0,0,0,0,0,0,0,0,0,0,0,0,0,0,0,0,0,0,0,0,0,0,0,0,0,0,0,0,0,0,0,0,0,0,0,0,0,0,0,0,0,0,0,
0,0,0,0,0,0,0,0,0,0,0,0,0,0,0,0,0,0,0,0,0,0,0,0,0,0,0,0,0,0,0,0,0,0,0,0,0,0,0,0,0,0,0,0,0,0,0,0,0,0,0,0,0,0,0,0,
0,0,0,0,0,0,0,0,0,0,0,0,0,0,0,0,0,0,0,0,0,0,0,0,0,0,0,0,0,0,0,0,0,0,0,0,0,0,0,0,0,0,0,0,0,0,0,0,0,0,0,0,0,0,0,0,
0,0,0,0,0,0,0,0,0,0,0,0,0,0,0,0,0,0,0,0,0,0,0,0,0,0,0,0,0,0,0,0,0,0,0,0,0,0,0,0,0,0,0,0,0,0,0,0,0,0,0,0,0,0,0,0,
0,0,0,0,0,0,0,0,0,0,0,0,0,0,0,0,0,0,0,0,0,0,0,0,0,0,0,0,0,0,0,0,0,0,0,0,0,0,0,0,0,0,0,0,0,0,0,0,0,0,0,0,0,0,0,0,
0,0,0,0,0,0,0,0,0,0,0,0,0,0,0,0,0,0,0,0,0,0,0,0,0,0,0,0,0,0,0,0,0,0,0,0,0,0,0,0,0,0,0,0,0,0,0,0,0,0,0,0,0,0,0,0,
0,0,0,0,0,0,0,0,0,0,0,0,0,0,0,0,0,0,0,0,0,0,0,0,0,0,0,0,0,0,0,0,0,0,0,0,0,0,0,0,0,0,0,0,0,0,0,0,0,0,0,0,0,0,0,0,
0,0,0,0,0,0,0,0,0,0,0,0,0,0,0,0,0,0,0,0,0,0,0,0,0,0,0,0,0,0,0,0,0,0,0,0,0,0,0,0,0,0,0,0,0,0,0,0,0,0,0,0,0,0,0,0,
0,0,0,0,0,0,0,0,0,0,0,0,0,0,0,0,0,0,0,0,0,0,0,0,0,0,0,0,0,0,0,0,0,0,0,0,0,0,0,0,0,0,0,0,0,0,0,0,0,0,0,0,0,0,0,0,
0,0,0,0,0,0,0,0,0,0,0,0,0,0,0,0,0,0,0,0,0,0,0,0,0,0,0,0,0,0,0,0,0,0,0,0,0,0,0,0,0,0,0,0,0,0,0,0,0,0,0,0,0,0,0,0,
0,0,0,0,0,0,0,0,0,0,0,0,0,0,0,0,0,0,0,0,0,0,0,0,0,0,0,0,0,0,0,0,0,0,0,0,0,0,0,0,0,0,0,0,0,0,0,0,0,0,0,0,0,0,0,0,
0,0,0,0,0,0,0,0,0,0,0,0,0,0,0,0,0,0,0,0,0,0,0,0,0,0,0,0,0,0,0,0,0,0,0,0,0,0,0,0,0,0,0,0,0,0,0,0,0,0,0,0,0,0,0,0,
0,0,0,0,0,0,0,0,0,0,0,0,0,0,0,0,0,0,0,0,0,0,0,0,0,0,0,0,0,0,0,0,0,0,0,0,0,0,0,0,0,0,0,0,0,0,0,0,0,0,0,0,0,0,0,0,
0,0,0,0,0,0,0,0,0,0,0,0,0,0,0,0,0,0,0,0,0,0,0,0,0,0,0,0,0,0,0,0,0,0,0,0,0,0,0,0,0,0,0,0,0,0,0,0,0,0,0,0,0,0,0,0,
0,0,0,0,0,0,0,0,0,0,0,0,0,0,0,0,0,0,0,0,0,0,0,0,0,0,0,0,0,0,0,0,0,0,0,0,0,0,0,0,0,0,0,0,0,0,0,0,0,0,0,0,0,0,0,0,
0,0,0,0,0,0,0,0,0,0,0,0,0,0,0,0,0,0,0,0,0,0,0,0,0,0,0,0,0,0,0,0,0,0,0,0,0,0,0,0,0,0,0,0,0,0,0,0,0,0,0,0,0,0,0,0,
0,0,0,0,0,0,0,0,0,0,0,0,0,0,0,0,0,0,0,0,0,0,0,0,0,0,0,0,0,0,0,0,0,0,0,0,0,0,0,0,0,0,0,0,0,0,0,0,0,0,0,0,0,0,0,0,
0,0,0,0,0,0,0,0,0,0,0,0,0,0,0,0,0,0,0,0,0,0,0,0,0,0,0,0,0,0,0,0,0,0,0,0,0,0,0,0,0,0,0,0,0,0,0,0,0,0,0,0,0,0,0,0,
0,0,0,0,0,0,0,0,0,0,0,0,0,0,0,0,0,0,0,0,0,0,0,0,0,0,0,0,0,0,0,0,0,0,0,0,0,0,0,0,0,0,0,0,0,0,0,0,0,0,0,0,0,0,0,0,
0,0,0,0,0,0,0,0,0,0,0,0,0,0,0,0,0,0,0,0,0,0,0,0,0,0,0,0,0,0,0,0,0,0,0,0,0,0,0,0,0,0,0,0,0,0,0,0,0,0,0,0,0,0,0,0,
0,0,0,0,0,0,0,0,0,0,0,0,0,0,0,0,0,0,0,0,0,0,0,0,0,0,0,0,0,0,0,0,0,0,0,0,0,0,0,0,0,0,0,0,0,0,0,0,0,0,0,0,0,0,0,0,
0,0,0,0,0,0,0,0,0,0,0,0,0,0,0,0,0,0,0,0,0,0,0,0,0,0,0,0,0,0,0,0,0,0,0,0,0,0,0,0,0,0,0,0,0,0,0,0,0,0,0,0,0,0,0,0,
}
objectives{
resources: 25,0,0
}
buildings{
BuildingToolStore_C
Translation: X=3450.000 Y=2850.000 Z=276.000 Rotation: P=0.000000 Y=89.999954 R=0.000000 Scale X=1.000 Y=1.000 Z=1.000
Level=1
Teleport=True
Health=MAX
Powerpaths=X=8 Y=1 Z=3/X=8 Y=1 Z=4/
}
monsters{
}
monsterfrequency{
}
landslidefrequency{
50:43,27/43,28/41,30/21,25/22,25/19,28/27,43/10,29/11,29/8,26/8,27/7,25/6,23/6,9/5,9/5,11/5,13/6,14/7,16/11,15/23,7/24,7/25,7/20,6/27,14/
}
lavaspread{
}
miners{
}
briefing{
Our mining operation has been going smoothly - until now. We have detected a number of small caverns and we suspect they contain Ice Monsters. We must avoid disturbing them or be faced with a catastrophe!


Nearby, there are other caves with an abundance of Energy Crystals and Ore. Find a way to get to them, without disturbing the Ice Monsters, and then collect twenty-five Energy Crystals.

Developer note: Ice Monsters are not implemented yet but have fun anyway!
}
