info{
rowcount:56
colcount:56
camerapos:Translation: X=7142.139 Y=9204.063 Z=631.000 Rotation: P=68.182220 Y=-146.663116 R=0.000000 Scale X=1.000 Y=1.000 Z=1.000
cameraangle:0,45,0
biome:lava
creator:Baraklava
oxygen:6000/6000
camerazoom:600.0
levelname:Oresome
erosioninitialwaittime:10
}
tiles{
38,38,38,38,38,38,38,38,38,38,38,38,38,38,38,38,38,38,38,38,38,38,38,38,38,38,38,38,38,38,38,38,38,38,38,38,38,38,38,38,38,38,38,38,38,38,38,38,38,38,38,38,38,38,38,38,
38,38,38,38,38,38,38,38,38,38,38,38,38,38,38,38,38,38,38,38,38,38,38,38,38,38,38,38,38,38,38,38,38,38,38,38,38,38,38,38,38,38,38,38,38,38,38,38,38,38,38,38,38,38,38,38,
38,38,38,38,38,38,38,38,38,38,38,38,38,38,38,38,38,38,38,38,38,38,38,38,38,38,38,38,38,38,38,38,38,38,38,38,38,38,38,38,38,38,38,38,38,38,38,38,38,38,38,38,38,38,38,38,
38,38,38,38,38,38,38,38,38,38,38,38,38,38,38,38,38,38,38,38,38,38,38,38,38,38,38,38,38,38,38,38,38,38,38,38,38,38,38,38,38,38,38,38,38,38,38,38,38,38,38,38,38,38,38,38,
38,38,38,38,38,38,38,38,38,38,38,38,38,38,38,38,38,38,38,38,38,38,38,38,38,38,38,38,38,38,38,38,38,38,38,38,38,38,38,38,38,38,38,38,38,38,38,38,38,38,38,38,38,38,38,38,
38,38,38,38,38,38,38,38,38,38,38,38,38,38,38,38,38,38,38,38,38,38,38,6,38,38,38,38,38,38,38,38,38,38,38,38,38,38,38,38,38,38,38,38,38,38,38,38,38,38,38,38,38,38,38,38,
38,38,38,38,38,38,38,38,38,38,38,38,38,38,38,38,38,38,38,38,38,38,38,6,6,38,38,38,38,38,38,38,38,38,38,38,38,38,38,38,38,38,38,38,38,38,38,38,38,38,38,38,38,38,38,38,
38,38,38,38,38,38,38,38,38,38,38,38,38,38,38,38,38,38,38,38,38,38,38,38,6,6,38,38,38,38,38,38,38,38,38,38,38,38,38,38,38,38,38,38,38,38,38,38,38,38,38,38,38,38,38,38,
38,38,38,38,38,38,38,38,38,38,38,38,38,38,38,38,38,38,38,38,38,38,38,38,6,6,38,38,38,38,38,38,38,38,38,38,38,38,38,38,38,38,38,38,38,38,38,38,38,38,38,38,38,38,38,38,
38,38,38,38,38,38,38,38,38,38,38,38,38,38,38,38,38,38,38,38,38,38,38,6,6,6,6,38,38,38,38,38,38,38,38,38,38,38,38,38,38,38,38,38,38,38,38,38,38,38,38,38,38,38,38,38,
38,38,38,38,38,38,38,38,38,38,38,38,38,38,38,38,38,38,38,38,38,38,6,6,6,6,6,6,38,38,38,38,38,38,38,38,38,38,38,38,38,38,38,38,38,38,38,38,38,38,38,38,38,38,38,38,
38,38,38,38,38,38,38,38,38,38,38,38,38,38,38,38,38,38,38,38,6,6,6,6,8,8,6,6,6,38,38,38,38,6,6,38,38,38,38,38,38,38,38,38,38,38,38,38,38,38,38,38,38,38,38,38,
38,38,38,38,38,38,38,38,38,38,38,38,38,38,38,38,38,38,38,6,6,6,8,8,30,30,8,8,6,6,38,38,6,6,6,6,38,38,38,38,38,38,38,38,38,38,38,38,38,38,38,38,38,38,38,38,
38,38,38,38,38,38,38,38,38,38,38,38,38,38,38,38,38,38,38,30,8,8,8,30,38,38,8,6,6,6,6,6,6,8,6,6,38,38,38,38,38,38,38,38,38,38,38,38,38,38,38,38,38,38,38,38,
38,38,38,38,38,38,38,38,38,38,38,38,38,38,38,38,38,38,38,30,10,8,30,38,38,38,6,6,6,6,6,6,8,8,8,6,6,38,38,38,38,38,38,38,38,38,38,38,38,38,38,38,38,38,38,38,
38,38,38,38,38,38,38,38,38,38,38,34,34,38,38,42,38,38,30,10,10,30,38,38,38,38,6,6,6,8,6,38,38,38,8,6,6,38,38,38,38,38,38,38,38,38,38,38,38,38,38,38,38,38,38,38,
38,38,38,38,38,38,38,38,38,38,26,26,26,26,26,30,30,30,1,1,30,38,38,38,38,38,38,6,8,8,30,38,38,38,38,6,6,6,6,38,38,38,38,38,38,38,38,38,38,38,38,38,38,38,38,38,
38,38,38,38,38,38,38,38,38,26,30,46,38,38,26,1,1,1,1,30,38,38,38,38,38,38,38,38,30,26,26,30,38,38,38,6,6,6,6,6,38,38,38,38,38,38,38,38,38,38,38,38,38,38,38,38,
38,38,38,38,38,38,38,38,38,26,38,38,38,38,1,1,1,1,30,38,38,38,38,34,34,38,38,38,38,106,109,101,30,38,38,38,6,6,8,8,26,38,38,38,38,38,38,38,38,38,38,38,38,38,38,38,
38,38,38,38,38,38,38,26,26,26,38,38,26,30,30,1,1,30,38,38,38,38,34,1,1,30,38,38,38,30,110,109,101,30,38,38,38,26,8,8,8,26,38,38,38,38,38,38,38,38,38,38,38,38,38,38,
38,38,38,38,38,38,26,26,26,26,26,26,26,38,38,1,1,38,38,38,38,38,1,1,1,1,30,38,38,38,110,110,101,101,30,38,38,38,26,26,26,26,38,38,38,38,38,38,38,38,38,38,38,38,38,38,
38,38,38,38,38,38,26,26,38,38,26,26,30,38,38,38,1,38,38,38,38,30,1,1,1,1,1,38,38,38,30,101,101,101,101,30,38,38,26,110,106,110,38,38,38,38,38,38,38,38,38,38,38,38,38,38,
38,38,38,38,38,38,26,38,38,38,38,26,30,38,38,38,1,1,30,30,1,1,1,38,38,1,1,30,38,38,38,101,101,101,101,30,38,38,38,26,109,110,26,38,38,38,38,38,38,38,38,38,38,38,38,38,
38,38,38,38,38,34,26,38,38,38,38,26,26,30,30,30,1,1,1,1,1,1,38,38,38,38,1,1,34,38,38,30,101,101,101,101,30,38,38,26,110,110,109,26,38,38,38,38,38,38,38,38,38,38,38,38,
38,38,38,38,38,34,101,42,38,38,38,26,26,26,1,1,1,1,1,1,1,38,38,38,38,38,38,1,34,38,38,38,101,101,101,101,30,38,38,26,110,101,101,26,38,38,38,38,38,38,38,38,38,38,38,38,
38,38,38,38,38,34,101,38,38,38,38,38,26,1,1,1,38,38,1,1,24,38,38,38,38,38,38,1,30,38,38,38,30,101,38,38,26,30,38,38,26,101,101,26,38,38,38,38,38,38,38,38,38,38,38,38,
38,38,38,38,38,38,101,38,38,38,38,38,1,1,1,38,38,38,1,1,24,14,38,38,38,38,1,1,14,34,38,30,30,30,38,38,26,30,38,38,38,26,101,101,34,38,38,38,38,38,38,38,38,38,38,38,
38,38,38,38,38,38,101,101,38,38,38,34,1,1,1,38,38,34,1,14,24,63,1,1,1,1,24,1,14,46,30,38,38,30,34,38,38,30,30,38,38,38,101,101,34,38,38,38,38,38,38,38,38,38,38,38,
38,38,38,38,38,38,101,101,38,38,38,34,1,1,38,38,38,34,1,14,1,63,1,14,14,1,24,1,1,34,38,38,30,101,34,38,38,26,26,34,38,38,101,101,38,38,38,38,38,38,38,38,38,38,38,38,
38,38,38,38,38,34,101,101,38,38,38,38,38,26,38,38,38,34,30,1,1,63,1,24,63,1,63,14,30,38,38,38,30,101,38,38,38,38,26,34,38,38,26,101,38,38,38,38,38,38,38,38,38,38,38,38,
38,38,38,38,38,34,101,101,26,38,38,38,38,26,38,38,38,38,34,1,1,14,1,1,63,63,63,30,38,38,38,30,101,101,38,38,38,38,101,38,38,38,26,101,38,38,38,38,38,38,38,38,38,38,38,38,
38,38,38,38,38,38,26,101,101,38,38,34,101,101,38,38,38,38,38,30,1,14,14,1,14,14,30,38,38,38,38,30,101,101,101,38,38,101,101,38,38,38,26,101,38,38,38,38,38,38,38,38,38,38,38,38,
38,38,38,38,38,38,26,101,101,38,38,26,101,101,101,34,38,38,38,38,34,30,1,1,30,34,38,38,38,38,30,101,101,101,101,101,101,101,101,30,38,38,38,101,34,38,38,38,38,38,38,38,38,38,38,38,
38,38,38,38,38,38,26,101,101,30,30,30,26,101,101,101,34,38,38,38,38,34,34,34,38,38,38,38,38,30,101,101,101,101,101,101,101,101,101,101,34,38,38,101,34,38,38,38,38,38,38,38,38,38,38,38,
38,38,38,38,38,38,34,101,26,30,30,38,38,101,101,101,101,34,38,38,38,38,38,38,38,38,38,38,30,101,101,101,101,38,38,101,101,101,101,101,34,38,38,101,34,38,38,38,38,38,38,38,38,38,38,38,
38,38,38,38,38,38,38,34,30,30,38,38,38,26,101,101,101,101,34,38,38,38,38,38,38,38,38,30,101,101,101,101,30,38,38,30,101,101,101,101,38,38,38,101,34,38,38,38,38,38,38,38,38,38,38,38,
38,38,38,38,38,38,38,38,34,30,38,38,38,34,26,101,101,101,101,34,38,38,38,38,38,30,101,101,101,101,101,101,38,38,38,38,30,101,101,101,38,38,26,101,34,38,38,38,38,38,38,38,38,38,38,38,
38,38,38,38,38,38,38,38,38,38,38,38,38,38,38,26,101,101,101,101,101,38,38,30,30,101,101,101,101,101,101,30,38,38,38,38,38,30,101,101,38,38,26,101,38,38,38,38,38,38,38,38,38,38,38,38,
38,38,38,38,38,38,38,38,38,38,38,38,38,38,38,38,38,26,101,101,101,101,30,30,30,101,101,101,101,101,30,38,38,38,38,38,38,38,101,30,38,38,101,101,38,38,38,38,38,38,38,38,38,38,38,38,
38,38,38,38,38,38,38,38,38,38,38,38,38,38,38,38,38,38,26,101,101,101,30,30,30,101,101,30,30,38,38,38,38,38,38,38,38,38,46,38,38,38,101,101,26,38,38,38,38,38,38,38,38,38,38,38,
38,38,38,38,38,38,38,38,38,38,38,38,38,38,38,38,38,38,38,26,101,101,101,38,38,38,38,38,38,38,38,38,38,38,38,38,38,38,34,38,38,26,101,101,38,38,38,38,38,38,38,38,38,38,38,38,
38,38,38,38,38,38,38,38,38,38,38,38,38,38,38,38,38,38,38,38,38,101,101,38,38,38,38,38,38,38,38,38,38,38,38,38,38,38,38,26,26,101,101,26,38,38,38,38,38,38,38,38,38,38,38,38,
38,38,38,38,38,38,38,38,38,38,38,38,38,38,38,38,38,38,38,38,38,26,101,101,101,38,38,38,38,38,38,38,34,34,34,38,38,38,26,101,101,101,26,38,38,38,38,38,38,38,38,38,38,38,38,38,
38,38,38,38,38,38,38,38,38,38,38,38,38,38,38,38,38,38,38,38,38,38,26,26,101,101,101,101,101,101,101,101,101,101,101,101,101,101,101,101,26,38,38,38,38,38,38,38,38,38,38,38,38,38,38,38,
38,38,38,38,38,38,38,38,38,38,38,38,38,38,38,38,38,38,38,38,38,38,38,38,26,101,101,101,26,38,38,38,38,38,26,101,101,101,26,38,38,38,38,38,38,38,38,38,38,38,38,38,38,38,38,38,
38,38,38,38,38,38,38,38,38,38,38,38,38,38,38,38,38,38,38,38,38,38,38,38,38,38,38,38,38,38,38,38,38,38,38,38,38,38,38,38,38,38,38,38,38,38,38,38,38,38,38,38,38,38,38,38,
38,38,38,38,38,38,38,38,38,38,38,38,38,38,38,38,38,38,38,38,38,38,38,38,38,38,38,38,38,38,38,38,38,38,38,38,38,38,38,38,38,38,38,38,38,38,38,38,38,38,38,38,38,38,38,38,
38,38,38,38,38,38,38,38,38,38,38,38,38,38,38,38,38,38,38,38,38,38,38,38,38,38,38,38,38,38,38,38,38,38,38,38,38,38,38,38,38,38,38,38,38,38,38,38,38,38,38,38,38,38,38,38,
38,38,38,38,38,38,38,38,38,38,38,38,38,38,38,38,38,38,38,38,38,38,38,38,38,38,38,38,38,38,38,38,38,38,38,38,38,38,38,38,38,38,38,38,38,38,38,38,38,38,38,38,38,38,38,38,
38,38,38,38,38,38,38,38,38,38,38,38,38,38,38,38,38,38,38,38,38,38,38,38,38,38,38,38,38,38,38,38,38,38,38,38,38,38,38,38,38,38,38,38,38,38,38,38,38,38,38,38,38,38,38,38,
38,38,38,38,38,38,38,38,38,38,38,38,38,38,38,38,38,38,38,38,38,38,38,38,38,38,38,38,38,38,38,38,38,38,38,38,38,38,38,38,38,38,38,38,38,38,38,38,38,38,38,38,38,38,38,38,
38,38,38,38,38,38,38,38,38,38,38,38,38,38,38,38,38,38,38,38,38,38,38,38,38,38,38,38,38,38,38,38,38,38,38,38,38,38,38,38,38,38,38,38,38,38,38,38,38,38,38,38,38,38,38,38,
38,38,38,38,38,38,38,38,38,38,38,38,38,38,38,38,38,38,38,38,38,38,38,38,38,38,38,38,38,38,38,38,38,38,38,38,38,38,38,38,38,38,38,38,38,38,38,38,38,38,38,38,38,38,38,38,
38,38,38,38,38,38,38,38,38,38,38,38,38,38,38,38,38,38,38,38,38,38,38,38,38,38,38,38,38,38,38,38,38,38,38,38,38,38,38,38,38,38,38,38,38,38,38,38,38,38,38,38,38,38,38,38,
38,38,38,38,38,38,38,38,38,38,38,38,38,38,38,38,38,38,38,38,38,38,38,38,38,38,38,38,38,38,38,38,38,38,38,38,38,38,38,38,38,38,38,38,38,38,38,38,38,38,38,38,38,38,38,38,
38,38,38,38,38,38,38,38,38,38,38,38,38,38,38,38,38,38,38,38,38,38,38,38,38,38,38,38,38,38,38,38,38,38,38,38,38,38,38,38,38,38,38,38,38,38,38,38,38,38,38,38,38,38,38,38,
}
height{
738,738,738,738,738,738,738,738,738,738,738,738,738,738,738,738,738,738,738,738,738,738,738,738,738,738,738,738,738,738,738,738,738,738,738,738,738,738,738,738,738,738,738,738,738,738,738,738,738,738,738,738,738,738,738,738,738,
738,738,738,738,738,738,738,738,738,738,738,738,738,738,738,738,738,738,738,738,738,738,738,738,738,738,738,738,738,738,738,738,738,738,738,738,738,738,738,738,738,738,738,738,738,738,738,738,738,738,738,738,738,738,738,738,738,
738,738,738,738,738,738,738,738,738,738,738,738,738,738,738,738,738,738,738,738,738,738,738,738,738,738,738,738,738,738,738,738,738,738,738,738,738,738,738,738,738,738,738,738,738,738,738,738,738,738,738,738,738,738,738,738,738,
738,738,738,738,738,738,738,738,738,738,738,738,738,738,738,738,738,738,738,738,738,738,738,738,738,738,738,738,738,738,738,738,738,738,738,738,738,738,738,738,738,738,738,738,738,738,738,738,738,738,738,738,738,738,738,738,738,
738,738,738,738,738,738,738,738,738,738,738,738,738,738,738,738,738,738,738,738,738,738,738,692,646,738,738,738,738,738,738,738,738,738,738,738,738,738,738,738,738,738,738,738,738,738,738,738,738,738,738,738,738,738,738,738,738,
738,738,738,738,738,738,738,738,738,738,738,738,738,738,738,738,738,738,738,738,738,738,692,600,600,692,738,738,738,738,738,738,738,738,738,738,738,738,738,738,738,738,738,738,738,738,738,738,738,738,738,738,738,738,738,738,738,
738,738,738,738,738,738,738,738,738,738,738,738,738,738,738,738,738,738,738,738,738,738,646,600,600,600,738,738,738,738,738,738,738,738,738,738,738,738,738,738,738,738,738,738,738,738,738,738,738,738,738,738,738,738,738,738,738,
738,738,738,738,738,738,738,738,738,738,738,738,738,738,738,738,738,738,738,738,738,738,738,600,600,600,600,738,738,738,738,738,738,738,738,738,738,738,738,738,738,738,738,738,738,738,738,738,738,738,738,738,738,738,738,738,738,
738,738,738,738,738,738,738,738,738,738,738,738,738,738,738,738,738,738,738,738,738,738,738,646,600,600,600,600,738,738,738,738,738,738,738,738,738,738,738,738,738,738,738,738,738,738,738,738,738,738,738,738,738,738,738,738,738,
738,738,738,738,738,738,738,738,738,738,738,738,738,738,738,738,738,738,738,738,738,738,646,600,600,600,600,600,692,738,738,738,738,738,738,738,738,738,738,738,738,738,738,738,738,738,738,738,738,738,738,738,738,738,738,738,738,
738,738,738,738,738,738,738,738,738,738,738,738,738,738,738,738,738,738,738,738,738,692,600,600,600,600,600,600,600,692,738,738,738,738,738,692,738,738,738,738,738,738,738,738,738,738,738,738,738,738,738,738,738,738,738,738,738,
738,738,738,738,738,738,738,738,738,738,738,738,738,738,738,738,738,738,738,646,600,600,600,600,600,600,600,600,600,600,692,738,738,600,600,600,600,738,738,738,738,738,738,738,738,738,738,738,738,738,738,738,738,738,738,738,738,
738,738,738,738,738,738,738,738,738,738,738,738,738,738,738,738,738,738,692,600,600,600,600,600,600,600,600,600,600,600,600,692,600,600,600,600,600,738,738,738,738,738,738,738,738,738,738,738,738,738,738,738,738,738,738,738,738,
738,738,738,738,738,738,738,738,738,738,738,738,738,738,738,738,738,738,692,600,600,600,600,600,600,600,600,600,600,600,600,600,600,600,600,600,600,738,738,738,738,738,738,738,738,738,738,738,738,738,738,738,738,738,738,738,738,
738,738,738,738,738,738,738,738,738,738,692,738,738,692,646,692,646,692,646,600,600,600,600,600,600,692,600,600,600,600,600,600,600,600,600,600,600,600,738,738,738,738,738,738,738,738,738,738,738,738,738,738,738,738,738,738,738,
738,738,738,738,738,738,738,738,738,692,646,600,600,646,692,600,600,646,600,600,600,600,600,600,738,738,600,600,600,600,600,600,600,600,600,600,600,600,600,738,738,738,738,738,738,738,738,738,738,738,738,738,738,738,738,738,738,
738,738,738,738,738,738,738,738,738,646,600,600,600,600,600,600,600,600,600,600,600,600,600,738,738,738,600,600,600,600,600,600,692,738,600,600,600,600,600,600,600,738,738,738,738,738,738,738,738,738,738,738,738,738,738,738,738,
738,738,738,738,738,738,738,738,692,600,600,600,600,600,600,600,600,600,600,600,600,600,738,738,738,738,738,600,600,600,600,600,600,738,738,600,600,600,600,600,600,692,738,738,738,738,738,738,738,738,738,738,738,738,738,738,738,
738,738,738,738,738,738,738,646,646,600,600,600,738,738,600,600,600,600,600,600,600,646,692,600,600,646,692,738,600,600,600,600,600,600,692,600,600,600,600,600,600,600,738,738,738,738,738,738,738,738,738,738,738,738,738,738,738,
738,738,738,738,738,738,646,600,600,600,600,738,600,600,600,600,600,600,600,600,738,738,600,600,600,600,738,738,738,600,600,600,600,600,600,692,600,600,600,600,600,600,600,738,738,738,738,738,738,738,738,738,738,738,738,738,738,
738,738,738,738,738,692,600,600,600,600,600,600,600,600,600,600,600,600,600,738,738,738,600,600,600,600,600,692,738,600,600,600,600,600,600,600,692,600,600,600,600,600,600,738,738,738,738,738,738,738,738,738,738,738,738,738,738,
738,738,738,738,738,646,600,600,600,600,600,600,600,600,738,600,600,600,692,738,646,600,600,600,600,600,600,646,738,738,600,600,600,600,600,600,600,692,600,600,600,600,600,692,738,738,738,738,738,738,738,738,738,738,738,738,738,
738,738,738,738,738,738,600,600,600,738,600,600,600,600,738,738,600,600,600,600,600,600,600,600,600,600,600,600,600,692,600,600,600,600,600,600,600,738,600,600,600,600,600,600,738,738,738,738,738,738,738,738,738,738,738,738,738,
738,738,738,738,738,600,600,600,738,738,646,600,600,600,600,600,600,600,600,600,600,600,600,600,600,600,600,600,600,738,738,600,600,600,600,600,600,600,600,600,600,600,600,600,600,738,738,738,738,738,738,738,738,738,738,738,738,
738,738,738,738,738,600,600,600,600,738,692,600,600,600,600,600,600,600,600,600,600,600,600,600,600,600,600,600,600,692,738,600,600,600,600,600,600,600,692,600,600,600,600,600,600,738,738,738,738,738,738,738,738,738,738,738,738,
738,738,738,738,738,600,600,600,600,738,646,692,600,600,600,600,600,600,600,600,600,600,600,600,600,600,600,600,600,646,738,738,600,600,600,600,600,600,600,600,600,600,600,600,600,600,738,738,738,738,738,738,738,738,738,738,738,
738,738,738,738,738,692,600,600,738,738,738,646,600,600,600,600,600,692,600,600,600,600,600,600,600,600,600,600,600,600,738,738,600,600,600,738,600,600,600,692,600,600,600,600,600,600,738,738,738,738,738,738,738,738,738,738,738,
738,738,738,738,738,646,600,600,600,738,738,738,600,600,600,600,738,600,600,600,600,600,600,600,600,600,600,600,600,600,738,738,692,600,600,600,600,600,600,600,692,600,600,600,600,600,738,738,738,738,738,738,738,738,738,738,738,
738,738,738,738,738,738,600,600,600,738,738,738,600,600,600,600,738,600,600,600,600,600,600,600,600,600,600,600,600,600,692,646,600,600,600,600,738,600,600,600,646,692,600,600,600,600,738,738,738,738,738,738,738,738,738,738,738,
738,738,738,738,646,600,600,600,600,738,738,738,600,600,600,738,738,600,600,600,600,600,600,600,600,600,600,600,600,600,646,692,600,600,600,600,738,600,600,600,738,738,600,600,600,738,738,738,738,738,738,738,738,738,738,738,738,
738,738,738,738,738,600,600,600,600,600,738,738,646,600,600,738,738,738,600,600,600,600,600,600,600,600,600,600,600,600,646,600,600,600,600,738,738,738,600,600,646,738,600,600,600,600,738,738,738,738,738,738,738,738,738,738,738,
738,738,738,738,692,692,600,600,600,600,738,600,600,600,600,738,692,738,738,600,600,600,600,600,600,600,600,600,600,738,692,600,600,600,600,600,738,600,600,600,692,738,600,600,600,738,738,738,738,738,738,738,738,738,738,738,738,
738,738,738,738,738,692,600,600,600,600,738,600,600,600,600,600,600,692,738,600,600,600,600,600,600,600,600,600,692,738,600,600,600,600,600,600,600,600,600,600,600,738,600,600,600,600,738,738,738,738,738,738,738,738,738,738,738,
738,738,738,738,738,646,600,600,600,600,600,600,600,600,600,600,600,600,692,738,738,600,600,600,600,600,738,692,738,600,600,600,600,600,600,600,600,600,600,600,600,692,646,600,600,600,738,738,738,738,738,738,738,738,738,738,738,
738,738,738,738,738,692,600,600,600,600,600,600,600,600,600,600,600,600,600,692,738,692,646,738,738,738,646,738,600,600,600,600,600,600,600,600,600,600,600,600,600,646,692,600,600,600,738,738,738,738,738,738,738,738,738,738,738,
738,738,738,738,738,738,692,600,600,600,600,738,646,600,600,600,600,600,600,600,692,738,738,738,646,646,692,600,600,600,600,600,600,600,692,600,600,600,600,600,600,738,646,600,600,600,738,738,738,738,738,738,738,738,738,738,738,
738,738,738,738,738,738,646,738,600,600,600,738,738,600,600,600,600,600,600,600,600,692,738,646,692,600,600,600,600,600,600,600,600,600,692,600,600,600,600,600,600,738,600,600,600,600,738,738,738,738,738,738,738,738,738,738,738,
738,738,738,738,738,738,738,738,738,600,600,738,738,692,600,600,600,600,600,600,600,600,738,600,600,600,600,600,600,600,600,600,600,738,738,692,600,600,600,600,600,738,600,600,600,600,738,738,738,738,738,738,738,738,738,738,738,
738,738,738,738,738,738,738,738,738,738,738,738,738,738,692,600,600,600,600,600,600,600,600,600,600,600,600,600,600,600,600,600,600,738,738,738,692,600,600,600,600,738,600,600,600,738,738,738,738,738,738,738,738,738,738,738,738,
738,738,738,738,738,738,738,738,738,738,738,738,738,738,738,738,692,600,600,600,600,600,600,600,600,600,600,600,600,600,600,600,600,738,738,738,738,600,600,600,600,646,600,600,600,600,738,738,738,738,738,738,738,738,738,738,738,
738,738,738,738,738,738,738,738,738,738,738,738,738,738,738,738,738,692,600,600,600,600,600,600,600,600,600,600,600,600,738,738,738,738,738,738,738,738,600,600,646,600,600,600,600,600,738,738,738,738,738,738,738,738,738,738,738,
738,738,738,738,738,738,738,738,738,738,738,738,738,738,738,738,738,738,600,600,600,600,600,600,738,738,738,738,738,738,738,738,738,738,738,738,738,738,692,600,600,600,600,600,600,738,738,738,738,738,738,738,738,738,738,738,738,
738,738,738,738,738,738,738,738,738,738,738,738,738,738,738,738,738,738,738,738,692,600,600,600,600,600,646,692,692,646,692,692,600,600,600,646,692,646,600,600,600,600,600,600,600,738,738,738,738,738,738,738,738,738,738,738,738,
738,738,738,738,738,738,738,738,738,738,738,738,738,738,738,738,738,738,738,738,738,600,600,600,600,600,600,600,600,600,600,600,600,600,600,600,600,600,600,600,600,600,600,600,738,738,738,738,738,738,738,738,738,738,738,738,738,
738,738,738,738,738,738,738,738,738,738,738,738,738,738,738,738,738,738,738,738,738,738,600,600,600,600,600,600,600,600,600,600,600,600,600,600,600,600,600,600,600,600,738,738,738,738,738,738,738,738,738,738,738,738,738,738,738,
738,738,738,738,738,738,738,738,738,738,738,738,738,738,738,738,738,738,738,738,738,738,738,692,600,600,600,600,600,600,692,738,646,600,600,600,600,600,600,600,692,738,738,738,738,738,738,738,738,738,738,738,738,738,738,738,738,
738,738,738,738,738,738,738,738,738,738,738,738,738,738,738,738,738,738,738,738,738,738,738,738,738,738,738,738,738,738,738,738,738,738,738,738,738,738,738,738,738,738,738,738,738,738,738,738,738,738,738,738,738,738,738,738,738,
738,738,738,738,738,738,738,738,738,738,738,738,738,738,738,738,738,738,738,738,738,738,738,738,738,738,738,738,738,738,738,738,738,738,738,738,738,738,738,738,738,738,738,738,738,738,738,738,738,738,738,738,738,738,738,738,738,
738,738,738,738,738,738,738,738,738,738,738,738,738,738,738,738,738,738,738,738,738,738,738,738,738,738,738,738,738,738,738,738,738,738,738,738,738,738,738,738,738,738,738,738,738,738,738,738,738,738,738,738,738,738,738,738,738,
738,738,738,738,738,738,738,738,738,738,738,738,738,738,738,738,738,738,738,738,738,738,738,738,738,738,738,738,738,738,738,738,738,738,738,738,738,738,738,738,738,738,738,738,738,738,738,738,738,738,738,738,738,738,738,738,738,
738,738,738,738,738,738,738,738,738,738,738,738,738,738,738,738,738,738,738,738,738,738,738,738,738,738,738,738,738,738,738,738,738,738,738,738,738,738,738,738,738,738,738,738,738,738,738,738,738,738,738,738,738,738,738,738,738,
738,738,738,738,738,738,738,738,738,738,738,738,738,738,738,738,738,738,738,738,738,738,738,738,738,738,738,738,738,738,738,738,738,738,738,738,738,738,738,738,738,738,738,738,738,738,738,738,738,738,738,738,738,738,738,738,738,
738,738,738,738,738,738,738,738,738,738,738,738,738,738,738,738,738,738,738,738,738,738,738,738,738,738,738,738,738,738,738,738,738,738,738,738,738,738,738,738,738,738,738,738,738,738,738,738,738,738,738,738,738,738,738,738,738,
738,738,738,738,738,738,738,738,738,738,738,738,738,738,738,738,738,738,738,738,738,738,738,738,738,738,738,738,738,738,738,738,738,738,738,738,738,738,738,738,738,738,738,738,738,738,738,738,738,738,738,738,738,738,738,738,738,
738,738,738,738,738,738,738,738,738,738,738,738,738,738,738,738,738,738,738,738,738,738,738,738,738,738,738,738,738,738,738,738,738,738,738,738,738,738,738,738,738,738,738,738,738,738,738,738,738,738,738,738,738,738,738,738,738,
738,738,738,738,738,738,738,738,738,738,738,738,738,738,738,738,738,738,738,738,738,738,738,738,738,738,738,738,738,738,738,738,738,738,738,738,738,738,738,738,738,738,738,738,738,738,738,738,738,738,738,738,738,738,738,738,738,
738,738,738,738,738,738,738,738,738,738,738,738,738,738,738,738,738,738,738,738,738,738,738,738,738,738,738,738,738,738,738,738,738,738,738,738,738,738,738,738,738,738,738,738,738,738,738,738,738,738,738,738,738,738,738,738,738,
}
resources{
crystals:
0,0,0,0,0,0,0,0,0,0,0,0,0,0,0,0,0,0,0,0,0,0,0,0,0,0,0,0,0,0,0,0,0,0,0,0,0,0,0,0,0,0,0,0,0,0,0,0,0,0,0,0,0,0,0,0,
0,0,0,0,0,0,0,0,0,0,0,0,0,0,0,0,0,0,0,0,0,0,0,0,0,0,0,0,0,0,0,0,0,0,0,0,0,0,0,0,0,0,0,0,0,0,0,0,0,0,0,0,0,0,0,0,
0,0,0,0,0,0,0,0,0,0,0,0,0,0,0,0,0,0,0,0,0,0,0,0,0,0,0,0,0,0,0,0,0,0,0,0,0,0,0,0,0,0,0,0,0,0,0,0,0,0,0,0,0,0,0,0,
0,0,0,0,0,0,0,0,0,0,0,0,0,0,0,0,0,0,0,0,0,0,0,0,0,0,0,0,0,0,0,0,0,0,0,0,0,0,0,0,0,0,0,0,0,0,0,0,0,0,0,0,0,0,0,0,
0,0,0,0,0,0,0,0,0,0,0,0,0,0,0,0,0,0,0,0,0,0,0,0,0,0,0,0,0,0,0,0,0,0,0,0,0,0,0,0,0,0,0,0,0,0,0,0,0,0,0,0,0,0,0,0,
0,0,0,0,0,0,0,0,0,0,0,0,0,0,0,0,0,0,0,0,0,0,0,0,0,0,0,0,0,0,0,0,0,0,0,0,0,0,0,0,0,0,0,0,0,0,0,0,0,0,0,0,0,0,0,0,
0,0,0,0,0,0,0,0,0,0,0,0,0,0,0,0,0,0,0,0,0,0,0,0,0,0,0,0,0,0,0,0,0,0,0,0,0,0,0,0,0,0,0,0,0,0,0,0,0,0,0,0,0,0,0,0,
0,0,0,0,0,0,0,0,0,0,0,0,0,0,0,0,0,0,0,0,0,0,0,0,0,0,0,0,0,0,0,0,0,0,0,0,0,0,0,0,0,0,0,0,0,0,0,0,0,0,0,0,0,0,0,0,
0,0,0,0,0,0,0,0,0,0,0,0,0,0,0,0,0,0,0,0,0,0,0,0,0,0,0,0,0,0,0,0,0,0,0,0,0,0,0,0,0,0,0,0,0,0,0,0,0,0,0,0,0,0,0,0,
0,0,0,0,0,0,0,0,0,0,0,0,0,0,0,0,0,0,0,0,0,0,0,0,0,0,0,0,0,0,0,0,0,0,0,0,0,0,0,0,0,0,0,0,0,0,0,0,0,0,0,0,0,0,0,0,
0,0,0,0,0,0,0,0,0,0,0,0,0,0,0,0,0,0,0,0,0,0,0,0,0,0,0,0,0,0,0,0,0,0,0,0,0,0,0,0,0,0,0,0,0,0,0,0,0,0,0,0,0,0,0,0,
0,0,0,0,0,0,0,0,0,0,0,0,0,0,0,0,0,0,0,0,0,0,0,0,0,0,0,0,0,0,0,0,0,0,0,0,0,0,0,0,0,0,0,0,0,0,0,0,0,0,0,0,0,0,0,0,
0,0,0,0,0,0,0,0,0,0,0,0,0,0,0,0,0,0,0,0,0,0,0,0,1,1,0,0,0,0,0,0,0,0,0,0,0,0,0,0,0,0,0,0,0,0,0,0,0,0,0,0,0,0,0,0,
0,0,0,0,0,0,0,0,0,0,0,0,0,0,0,0,0,0,0,1,0,0,0,1,0,0,0,0,0,0,0,0,0,0,0,0,0,0,0,0,0,0,0,0,0,0,0,0,0,0,0,0,0,0,0,0,
0,0,0,0,0,0,0,0,0,0,0,0,0,0,0,0,0,0,0,1,0,0,1,0,0,0,0,0,0,0,0,0,0,0,0,0,0,0,0,0,0,0,0,0,0,0,0,0,0,0,0,0,0,0,0,0,
0,0,0,0,0,0,0,0,0,0,0,0,1,0,0,0,0,0,0,0,0,0,0,0,0,0,0,0,0,0,0,0,0,0,0,0,0,0,0,0,0,0,0,0,0,0,0,0,0,0,0,0,0,0,0,0,
0,0,0,0,0,0,0,0,0,0,0,0,0,0,1,0,0,0,0,0,0,0,0,0,0,0,0,0,0,0,1,0,0,0,0,0,0,0,0,0,0,0,0,0,0,0,0,0,0,0,0,0,0,0,0,0,
0,0,0,0,0,0,0,0,0,0,1,0,0,0,0,0,0,0,0,0,0,0,0,0,0,0,0,0,0,1,0,1,0,0,0,0,0,0,0,0,0,0,0,0,0,0,0,0,0,0,0,0,0,0,0,0,
0,0,0,0,0,0,0,0,0,0,0,0,0,0,0,0,0,0,3,0,0,0,0,1,1,0,0,0,0,0,0,0,1,0,0,0,0,0,0,0,1,0,0,0,0,0,0,0,0,0,0,0,0,0,0,0,
0,0,0,0,0,0,0,0,1,0,0,0,0,1,0,0,0,0,0,0,0,0,1,0,0,1,0,0,0,1,0,0,0,0,0,0,0,1,0,0,0,1,0,0,0,0,0,0,0,0,0,0,0,0,0,0,
0,0,0,0,0,0,0,0,0,0,0,0,0,0,0,0,0,0,0,0,0,0,0,0,0,0,0,0,0,0,0,0,0,0,0,0,0,0,1,0,0,1,0,0,0,0,0,0,0,0,0,0,0,0,0,0,
0,0,0,0,0,0,0,1,0,0,0,1,0,0,0,0,0,0,0,0,0,0,0,0,0,0,0,0,0,0,0,0,0,0,0,0,0,0,1,0,0,0,0,0,0,0,0,0,0,0,0,0,0,0,0,0,
0,0,0,0,0,0,0,0,0,0,0,0,0,0,0,0,0,0,1,1,0,0,0,0,0,0,0,0,0,0,0,0,0,0,0,0,0,0,0,0,0,0,0,0,0,0,0,0,0,0,0,0,0,0,0,0,
0,0,0,0,0,1,0,0,0,0,0,0,0,1,1,0,0,0,0,0,0,0,0,0,0,0,0,0,1,0,0,0,0,0,0,0,3,0,0,1,0,0,0,1,0,0,0,0,0,0,0,0,0,0,0,0,
0,0,0,0,0,0,0,0,0,0,0,1,0,0,0,0,0,0,0,0,0,0,0,0,0,0,0,0,0,0,0,0,0,0,0,0,3,0,0,0,0,0,0,0,0,0,0,0,0,0,0,0,0,0,0,0,
0,0,0,0,0,0,0,0,0,0,0,0,1,0,0,0,0,0,0,0,0,0,0,0,0,0,0,0,1,0,0,0,0,0,0,0,0,0,0,0,0,0,0,0,0,0,0,0,0,0,0,0,0,0,0,0,
0,0,0,0,0,0,0,0,0,0,0,0,0,0,0,0,0,0,0,0,0,0,0,0,0,0,0,0,0,0,0,0,0,0,0,0,1,1,0,0,0,0,0,0,0,0,0,0,0,0,0,0,0,0,0,0,
0,0,0,0,0,0,0,0,0,0,0,0,0,0,0,0,0,0,0,0,0,0,0,0,0,0,0,0,0,0,0,0,0,1,0,0,0,0,0,0,0,0,0,0,1,0,0,0,0,0,0,0,0,0,0,0,
0,0,0,0,0,0,0,0,0,0,0,1,0,0,0,0,0,1,0,0,0,0,0,0,0,0,0,0,0,1,0,0,0,0,0,0,0,1,1,0,0,0,0,0,0,0,0,0,0,0,0,0,0,0,0,0,
0,0,0,0,0,1,0,0,0,0,0,0,0,1,0,0,0,0,0,0,0,0,0,0,0,0,0,0,1,0,0,0,1,0,0,0,0,0,0,1,0,0,0,0,0,0,0,0,0,0,0,0,0,0,0,0,
0,0,0,0,0,0,0,0,1,0,0,0,0,0,0,0,0,0,0,0,0,0,0,0,0,0,0,1,0,0,0,0,0,0,0,0,0,0,0,0,0,0,0,0,0,0,0,0,0,0,0,0,0,0,0,0,
0,0,0,0,0,0,0,0,0,0,0,1,0,0,0,0,0,0,0,0,0,0,0,0,0,0,1,0,0,0,0,0,0,0,0,0,0,0,0,0,0,0,1,0,0,0,0,0,0,0,0,0,0,0,0,0,
0,0,0,0,0,0,1,0,0,0,0,0,0,0,0,0,0,0,0,0,0,1,0,0,0,0,0,0,0,0,1,0,0,0,0,0,0,0,0,0,0,0,0,0,1,0,0,0,0,0,0,0,0,0,0,0,
0,0,0,0,0,0,0,0,0,0,0,0,1,0,0,0,0,0,0,0,0,0,0,1,0,0,0,0,0,0,0,0,0,0,0,0,0,0,0,0,1,0,0,0,1,0,0,0,0,0,0,0,0,0,0,0,
0,0,0,0,0,0,0,0,1,0,0,0,0,0,0,0,0,1,0,0,0,0,0,0,0,0,0,0,0,0,0,0,0,0,0,0,0,0,0,0,0,0,0,0,0,0,0,0,0,0,0,0,0,0,0,0,
0,0,0,0,0,0,0,0,0,0,0,0,0,0,0,0,0,0,0,0,0,0,0,0,0,0,0,1,0,0,0,0,1,0,0,0,0,0,0,0,0,0,0,0,1,0,0,0,0,0,0,0,0,0,0,0,
0,0,0,0,0,0,0,0,0,1,0,0,0,0,0,0,0,0,0,1,0,0,0,0,0,0,0,0,0,0,0,0,0,0,0,0,1,0,0,0,0,0,0,0,0,0,0,0,0,0,0,0,0,0,0,0,
0,0,0,0,0,0,0,0,0,0,0,0,0,0,0,0,0,0,0,0,0,0,0,0,0,0,0,0,0,0,0,0,0,0,0,0,0,0,0,0,0,0,0,0,0,0,0,0,0,0,0,0,0,0,0,0,
0,0,0,0,0,0,0,0,0,0,0,0,0,0,0,0,0,1,0,0,0,0,1,0,1,0,0,0,0,0,1,0,0,0,0,0,0,0,0,1,0,0,0,0,0,0,0,0,0,0,0,0,0,0,0,0,
0,0,0,0,0,0,0,0,0,0,0,0,0,0,0,0,0,0,1,0,0,0,1,0,0,0,0,0,1,0,0,0,0,0,0,0,0,0,0,0,0,0,0,0,0,0,0,0,0,0,0,0,0,0,0,0,
0,0,0,0,0,0,0,0,0,0,0,0,0,0,0,0,0,0,0,1,0,0,0,0,0,0,0,0,0,0,0,0,0,0,0,0,0,0,0,0,0,0,0,0,0,0,0,0,0,0,0,0,0,0,0,0,
0,0,0,0,0,0,0,0,0,0,0,0,0,0,0,0,0,0,0,0,0,0,0,0,0,0,0,0,0,0,0,0,0,0,0,0,0,0,0,1,0,0,0,0,0,0,0,0,0,0,0,0,0,0,0,0,
0,0,0,0,0,0,0,0,0,0,0,0,0,0,0,0,0,0,0,0,0,0,0,0,0,0,0,0,0,0,0,0,0,1,0,0,0,0,0,0,0,0,1,0,0,0,0,0,0,0,0,0,0,0,0,0,
0,0,0,0,0,0,0,0,0,0,0,0,0,0,0,0,0,0,0,0,0,0,0,1,0,0,0,0,0,0,0,0,0,0,0,0,0,0,0,0,1,0,0,0,0,0,0,0,0,0,0,0,0,0,0,0,
0,0,0,0,0,0,0,0,0,0,0,0,0,0,0,0,0,0,0,0,0,0,0,0,0,0,0,0,0,0,0,0,0,0,1,0,0,0,0,0,0,0,0,0,0,0,0,0,0,0,0,0,0,0,0,0,
0,0,0,0,0,0,0,0,0,0,0,0,0,0,0,0,0,0,0,0,0,0,0,0,0,0,0,0,0,0,0,0,0,0,0,0,0,0,0,0,0,0,0,0,0,0,0,0,0,0,0,0,0,0,0,0,
0,0,0,0,0,0,0,0,0,0,0,0,0,0,0,0,0,0,0,0,0,0,0,0,0,0,0,0,0,0,0,0,0,0,0,0,0,0,0,0,0,0,0,0,0,0,0,0,0,0,0,0,0,0,0,0,
0,0,0,0,0,0,0,0,0,0,0,0,0,0,0,0,0,0,0,0,0,0,0,0,0,0,0,0,0,0,0,0,0,0,0,0,0,0,0,0,0,0,0,0,0,0,0,0,0,0,0,0,0,0,0,0,
0,0,0,0,0,0,0,0,0,0,0,0,0,0,0,0,0,0,0,0,0,0,0,0,0,0,0,0,0,0,0,0,0,0,0,0,0,0,0,0,0,0,0,0,0,0,0,0,0,0,0,0,0,0,0,0,
0,0,0,0,0,0,0,0,0,0,0,0,0,0,0,0,0,0,0,0,0,0,0,0,0,0,0,0,0,0,0,0,0,0,0,0,0,0,0,0,0,0,0,0,0,0,0,0,0,0,0,0,0,0,0,0,
0,0,0,0,0,0,0,0,0,0,0,0,0,0,0,0,0,0,0,0,0,0,0,0,0,0,0,0,0,0,0,0,0,0,0,0,0,0,0,0,0,0,0,0,0,0,0,0,0,0,0,0,0,0,0,0,
0,0,0,0,0,0,0,0,0,0,0,0,0,0,0,0,0,0,0,0,0,0,0,0,0,0,0,0,0,0,0,0,0,0,0,0,0,0,0,0,0,0,0,0,0,0,0,0,0,0,0,0,0,0,0,0,
0,0,0,0,0,0,0,0,0,0,0,0,0,0,0,0,0,0,0,0,0,0,0,0,0,0,0,0,0,0,0,0,0,0,0,0,0,0,0,0,0,0,0,0,0,0,0,0,0,0,0,0,0,0,0,0,
0,0,0,0,0,0,0,0,0,0,0,0,0,0,0,0,0,0,0,0,0,0,0,0,0,0,0,0,0,0,0,0,0,0,0,0,0,0,0,0,0,0,0,0,0,0,0,0,0,0,0,0,0,0,0,0,
0,0,0,0,0,0,0,0,0,0,0,0,0,0,0,0,0,0,0,0,0,0,0,0,0,0,0,0,0,0,0,0,0,0,0,0,0,0,0,0,0,0,0,0,0,0,0,0,0,0,0,0,0,0,0,0,
0,0,0,0,0,0,0,0,0,0,0,0,0,0,0,0,0,0,0,0,0,0,0,0,0,0,0,0,0,0,0,0,0,0,0,0,0,0,0,0,0,0,0,0,0,0,0,0,0,0,0,0,0,0,0,0,
ore:
0,0,0,0,0,0,0,0,0,0,0,0,0,0,0,0,0,0,0,0,0,0,0,0,0,0,0,0,0,0,0,0,0,0,0,0,0,0,0,0,0,0,0,0,0,0,0,0,0,0,0,0,0,0,0,0,
0,0,0,0,0,0,0,0,0,0,0,0,0,0,0,0,0,0,0,0,0,0,0,0,0,0,0,0,0,0,0,0,0,0,0,0,0,0,0,0,0,0,0,0,0,0,0,0,0,0,0,0,0,0,0,0,
0,0,0,0,0,0,0,0,0,0,0,0,0,0,0,0,0,0,0,0,0,0,0,0,0,0,0,0,0,0,0,0,0,0,0,0,0,0,0,0,0,0,0,0,0,0,0,0,0,0,0,0,0,0,0,0,
0,0,0,0,0,0,0,0,0,0,0,0,0,0,0,0,0,0,0,0,0,0,0,0,0,0,0,0,0,0,0,0,0,0,0,0,0,0,0,0,0,0,0,0,0,0,0,0,0,0,0,0,0,0,0,0,
0,0,0,0,0,0,0,0,0,0,0,0,0,0,0,0,0,0,0,0,0,0,0,0,0,0,0,0,0,0,0,0,0,0,0,0,0,0,0,0,0,0,0,0,0,0,0,0,0,0,0,0,0,0,0,0,
0,0,0,0,0,0,0,0,0,0,0,0,0,0,0,0,0,0,0,0,0,0,0,0,0,0,0,0,0,0,0,0,0,0,0,0,0,0,0,0,0,0,0,0,0,0,0,0,0,0,0,0,0,0,0,0,
0,0,0,0,0,0,0,0,0,0,0,0,0,0,0,0,0,0,0,0,0,0,0,0,0,0,0,0,0,0,0,0,0,0,0,0,0,0,0,0,0,0,0,0,0,0,0,0,0,0,0,0,0,0,0,0,
0,0,0,0,0,0,0,0,0,0,0,0,0,0,0,0,0,0,0,0,0,0,0,0,0,0,0,0,0,0,0,0,0,0,0,0,0,0,0,0,0,0,0,0,0,0,0,0,0,0,0,0,0,0,0,0,
0,0,0,0,0,0,0,0,0,0,0,0,0,0,0,0,0,0,0,0,0,0,0,0,0,0,0,0,0,0,0,0,0,0,0,0,0,0,0,0,0,0,0,0,0,0,0,0,0,0,0,0,0,0,0,0,
0,0,0,0,0,0,0,0,0,0,0,0,0,0,0,0,0,0,0,0,0,0,0,0,0,0,0,0,0,0,0,0,0,0,0,0,0,0,0,0,0,0,0,0,0,0,0,0,0,0,0,0,0,0,0,0,
0,0,0,0,0,0,0,0,0,0,0,0,0,0,0,0,0,0,0,0,0,0,0,0,0,0,0,0,0,0,0,0,0,0,0,0,0,0,0,0,0,0,0,0,0,0,0,0,0,0,0,0,0,0,0,0,
0,0,0,0,0,0,0,0,0,0,0,0,0,0,0,0,0,0,0,0,0,0,0,0,0,0,0,0,0,0,0,0,0,0,0,0,0,0,0,0,0,0,0,0,0,0,0,0,0,0,0,0,0,0,0,0,
0,0,0,0,0,0,0,0,0,0,0,0,0,0,0,0,0,0,0,0,0,0,0,0,0,0,0,0,0,0,0,0,0,0,0,0,0,0,0,0,0,0,0,0,0,0,0,0,0,0,0,0,0,0,0,0,
0,0,0,0,0,0,0,0,0,0,0,0,0,0,0,0,0,0,0,0,0,0,0,0,0,0,0,0,0,0,0,0,0,0,0,0,0,0,0,0,0,0,0,0,0,0,0,0,0,0,0,0,0,0,0,0,
0,0,0,0,0,0,0,0,0,0,0,0,0,0,0,0,0,0,0,0,0,0,0,0,0,0,0,0,0,0,0,0,0,0,0,0,0,0,0,0,0,0,0,0,0,0,0,0,0,0,0,0,0,0,0,0,
0,0,0,0,0,0,0,0,0,0,0,0,0,0,0,0,0,0,3,0,0,3,0,0,0,0,0,0,0,0,0,0,0,0,0,0,0,0,0,0,0,0,0,0,0,0,0,0,0,0,0,0,0,0,0,0,
0,0,0,0,0,0,0,0,0,0,0,0,0,0,0,3,0,1,0,0,3,0,0,0,0,0,0,0,0,0,0,0,0,0,0,0,0,0,0,0,0,0,0,0,0,0,0,0,0,0,0,0,0,0,0,0,
0,0,0,0,0,0,0,0,0,1,0,0,0,0,0,0,0,0,0,3,0,0,0,0,0,0,0,0,5,0,0,0,0,0,0,0,0,0,0,0,0,0,0,0,0,0,0,0,0,0,0,0,0,0,0,0,
0,0,0,0,0,0,0,0,0,0,0,0,0,0,0,0,0,0,0,0,0,0,0,0,0,0,0,0,0,0,0,0,0,0,0,0,0,0,0,0,0,0,0,0,0,0,0,0,0,0,0,0,0,0,0,0,
0,0,0,0,0,0,0,1,0,0,0,0,0,0,0,0,0,3,0,0,0,0,0,0,0,0,0,0,0,0,0,0,0,3,0,0,0,0,0,0,0,0,0,0,0,0,0,0,0,0,0,0,0,0,0,0,
0,0,0,0,0,0,1,0,0,0,0,0,0,0,0,0,0,0,0,0,0,0,0,0,0,0,1,0,0,0,0,0,0,0,1,0,0,0,0,0,0,0,0,0,0,0,0,0,0,0,0,0,0,0,0,0,
0,0,0,0,0,0,0,0,0,0,0,0,0,0,0,0,0,0,0,0,0,1,0,0,0,0,0,0,0,0,1,0,0,0,0,3,0,0,0,0,0,0,0,0,0,0,0,0,0,0,0,0,0,0,0,0,
0,0,0,0,0,0,0,0,0,0,0,1,0,0,0,0,0,0,0,0,0,0,0,0,0,0,0,1,0,0,0,0,0,0,0,3,0,0,0,3,0,0,3,0,0,0,0,0,0,0,0,0,0,0,0,0,
0,0,0,0,0,0,0,0,0,0,0,0,0,0,0,0,0,0,0,0,0,0,0,0,0,0,0,0,0,0,0,3,0,0,0,0,0,0,0,0,0,0,0,0,0,0,0,0,0,0,0,0,0,0,0,0,
0,0,0,0,0,0,0,0,0,0,0,0,0,0,0,0,0,0,0,0,0,0,0,0,0,0,0,0,0,0,0,0,0,0,0,0,0,0,0,3,0,0,0,3,0,0,0,0,0,0,0,0,0,0,0,0,
0,0,0,0,0,0,0,0,0,0,0,0,0,0,0,0,0,0,0,0,0,0,0,0,0,0,0,0,0,0,0,0,3,0,0,0,0,0,0,0,0,0,0,3,0,0,0,0,0,0,0,0,0,0,0,0,
0,0,0,0,0,0,0,0,0,0,0,0,0,0,0,0,0,0,0,0,0,0,0,0,0,0,0,0,0,0,0,0,0,0,0,0,0,0,0,0,0,3,0,0,0,0,0,0,0,0,0,0,0,0,0,0,
0,0,0,0,0,0,0,0,0,0,0,0,0,0,0,0,0,0,0,0,0,0,0,0,0,0,0,0,0,0,0,0,0,0,0,0,0,0,0,0,0,0,0,0,0,0,0,0,0,0,0,0,0,0,0,0,
0,0,0,0,0,0,0,0,0,0,0,0,0,0,0,0,0,0,0,0,0,0,0,0,0,0,0,0,0,0,0,0,0,0,0,0,0,0,0,0,0,0,0,0,0,0,0,0,0,0,0,0,0,0,0,0,
0,0,0,0,0,0,0,0,0,0,0,0,0,0,0,0,0,0,1,0,0,0,0,0,0,0,0,0,0,0,0,0,0,0,0,0,0,0,0,0,0,0,5,0,0,0,0,0,0,0,0,0,0,0,0,0,
0,0,0,0,0,0,0,0,0,0,0,0,0,1,0,0,0,0,0,0,0,0,0,0,0,0,0,0,0,0,0,0,0,0,0,0,0,0,0,0,0,0,3,0,0,0,0,0,0,0,0,0,0,0,0,0,
0,0,0,0,0,0,0,0,0,0,0,0,0,0,0,0,0,0,0,1,0,0,0,0,0,0,0,0,0,0,0,0,0,0,0,0,0,0,0,0,0,0,0,0,0,0,0,0,0,0,0,0,0,0,0,0,
0,0,0,0,0,0,0,0,0,0,0,1,0,0,0,0,0,0,0,0,0,0,0,0,1,0,0,0,0,0,0,0,0,0,0,0,0,0,0,0,0,0,0,0,0,0,0,0,0,0,0,0,0,0,0,0,
0,0,0,0,0,0,3,0,0,3,0,3,0,0,0,0,0,0,0,0,0,0,0,0,0,0,0,0,0,0,0,0,0,0,0,0,0,0,0,0,0,0,0,0,0,0,0,0,0,0,0,0,0,0,0,0,
0,0,0,0,0,0,0,0,0,0,0,0,0,0,0,0,0,0,0,0,0,0,0,0,0,0,0,0,0,0,0,0,0,0,0,0,0,0,0,0,0,0,0,0,0,0,0,0,0,0,0,0,0,0,0,0,
0,0,0,0,0,0,0,0,0,0,0,0,0,3,0,0,0,0,0,0,0,0,0,0,0,0,0,0,0,0,0,0,0,0,0,0,0,0,0,0,0,0,0,0,0,0,0,0,0,0,0,0,0,0,0,0,
0,0,0,0,0,0,0,0,0,0,0,0,0,0,1,0,0,0,0,0,0,0,0,0,0,0,0,0,0,0,0,0,0,0,0,0,0,0,0,0,0,0,5,0,0,0,0,0,0,0,0,0,0,0,0,0,
0,0,0,0,0,0,0,0,0,0,0,0,0,0,0,3,0,0,0,0,0,0,0,0,0,0,0,0,0,0,0,0,0,0,0,0,0,0,0,0,0,0,0,0,0,0,0,0,0,0,0,0,0,0,0,0,
0,0,0,0,0,0,0,0,0,0,0,0,0,0,0,0,0,0,0,0,0,0,0,0,0,0,0,0,0,0,0,0,0,0,0,0,0,0,0,0,0,0,0,0,0,0,0,0,0,0,0,0,0,0,0,0,
0,0,0,0,0,0,0,0,0,0,0,0,0,0,0,0,0,0,0,0,0,0,0,0,0,0,0,0,0,0,0,0,0,0,0,0,0,0,0,0,0,0,0,0,0,0,0,0,0,0,0,0,0,0,0,0,
0,0,0,0,0,0,0,0,0,0,0,0,0,0,0,0,0,0,0,0,0,0,0,0,0,0,0,0,0,0,0,0,0,0,0,0,0,0,0,0,0,0,0,0,0,0,0,0,0,0,0,0,0,0,0,0,
0,0,0,0,0,0,0,0,0,0,0,0,0,0,0,0,0,0,0,0,0,0,0,0,0,0,0,0,0,0,0,0,0,0,0,0,0,0,0,0,0,0,0,5,0,0,0,0,0,0,0,0,0,0,0,0,
0,0,0,0,0,0,0,0,0,0,0,0,0,0,0,0,0,0,0,0,0,5,0,0,0,0,0,0,0,0,0,0,0,0,0,0,0,0,0,0,0,0,0,0,0,0,0,0,0,0,0,0,0,0,0,0,
0,0,0,0,0,0,0,0,0,0,0,0,0,0,0,0,0,0,0,0,0,0,5,0,0,0,0,0,0,0,0,0,0,0,0,0,0,0,0,0,0,0,0,0,0,0,0,0,0,0,0,0,0,0,0,0,
0,0,0,0,0,0,0,0,0,0,0,0,0,0,0,0,0,0,0,0,0,0,0,0,0,0,0,0,5,0,0,0,0,0,0,0,0,0,5,0,0,0,0,0,0,0,0,0,0,0,0,0,0,0,0,0,
0,0,0,0,0,0,0,0,0,0,0,0,0,0,0,0,0,0,0,0,0,0,0,0,0,0,0,0,0,0,0,0,0,0,0,0,0,0,0,0,0,0,0,0,0,0,0,0,0,0,0,0,0,0,0,0,
0,0,0,0,0,0,0,0,0,0,0,0,0,0,0,0,0,0,0,0,0,0,0,0,0,0,0,0,0,0,0,0,0,0,0,0,0,0,0,0,0,0,0,0,0,0,0,0,0,0,0,0,0,0,0,0,
0,0,0,0,0,0,0,0,0,0,0,0,0,0,0,0,0,0,0,0,0,0,0,0,0,0,0,0,0,0,0,0,0,0,0,0,0,0,0,0,0,0,0,0,0,0,0,0,0,0,0,0,0,0,0,0,
0,0,0,0,0,0,0,0,0,0,0,0,0,0,0,0,0,0,0,0,0,0,0,0,0,0,0,0,0,0,0,0,0,0,0,0,0,0,0,0,0,0,0,0,0,0,0,0,0,0,0,0,0,0,0,0,
0,0,0,0,0,0,0,0,0,0,0,0,0,0,0,0,0,0,0,0,0,0,0,0,0,0,0,0,0,0,0,0,0,0,0,0,0,0,0,0,0,0,0,0,0,0,0,0,0,0,0,0,0,0,0,0,
0,0,0,0,0,0,0,0,0,0,0,0,0,0,0,0,0,0,0,0,0,0,0,0,0,0,0,0,0,0,0,0,0,0,0,0,0,0,0,0,0,0,0,0,0,0,0,0,0,0,0,0,0,0,0,0,
0,0,0,0,0,0,0,0,0,0,0,0,0,0,0,0,0,0,0,0,0,0,0,0,0,0,0,0,0,0,0,0,0,0,0,0,0,0,0,0,0,0,0,0,0,0,0,0,0,0,0,0,0,0,0,0,
0,0,0,0,0,0,0,0,0,0,0,0,0,0,0,0,0,0,0,0,0,0,0,0,0,0,0,0,0,0,0,0,0,0,0,0,0,0,0,0,0,0,0,0,0,0,0,0,0,0,0,0,0,0,0,0,
0,0,0,0,0,0,0,0,0,0,0,0,0,0,0,0,0,0,0,0,0,0,0,0,0,0,0,0,0,0,0,0,0,0,0,0,0,0,0,0,0,0,0,0,0,0,0,0,0,0,0,0,0,0,0,0,
0,0,0,0,0,0,0,0,0,0,0,0,0,0,0,0,0,0,0,0,0,0,0,0,0,0,0,0,0,0,0,0,0,0,0,0,0,0,0,0,0,0,0,0,0,0,0,0,0,0,0,0,0,0,0,0,
0,0,0,0,0,0,0,0,0,0,0,0,0,0,0,0,0,0,0,0,0,0,0,0,0,0,0,0,0,0,0,0,0,0,0,0,0,0,0,0,0,0,0,0,0,0,0,0,0,0,0,0,0,0,0,0,
}
objectives{
resources: 35,0,0
}
buildings{
BuildingGeologicalCenter_C
Translation: X=8550.000 Y=7950.000 Z=600.000 Rotation: P=0.000000 Y=-179.999954 R=0.000000 Scale X=1.000 Y=1.000 Z=1.000
Level=1
Teleport=False
Health=MAX
Powerpaths=X=24 Y=2 Z=4/X=24 Y=3 Z=4/
BuildingMiningLaser_C
Translation: X=8250.000 Y=8850.000 Z=600.000 Rotation: P=0.000000 Y=0.000000 R=0.000000 Scale X=1.000 Y=1.000 Z=1.000
Level=1
Teleport=False
Health=MAX
Powerpaths=X=24 Y=5 Z=3/
BuildingMiningLaser_C
Translation: X=6450.000 Y=7950.000 Z=600.000 Rotation: P=0.000000 Y=0.000000 R=0.000000 Scale X=1.000 Y=1.000 Z=1.000
Level=1
Teleport=False
Health=MAX
Powerpaths=X=23 Y=2 Z=5/
BuildingPowerStation_C
Translation: X=6450.000 Y=9450.000 Z=600.000 Rotation: P=0.000000 Y=0.000000 R=0.000000 Scale X=1.000 Y=1.000 Z=1.000
Level=1
Teleport=False
Health=MAX
Powerpaths=X=23 Y=7 Z=5/X=23 Y=7 Z=6/X=23 Y=6 Z=5/
BuildingSupportStation_C
Translation: X=7350.000 Y=9450.000 Z=600.000 Rotation: P=0.000000 Y=89.999954 R=0.000000 Scale X=1.000 Y=1.000 Z=1.000
Level=1
Teleport=False
Health=MAX
Powerpaths=X=24 Y=7 Z=0/X=24 Y=7 Z=1/
BuildingTeleportPad_C
Translation: X=7350.000 Y=8550.000 Z=600.000 Rotation: P=0.000000 Y=-89.999992 R=0.000000 Scale X=1.000 Y=1.000 Z=1.000
Level=1
Teleport=False
Health=MAX
Powerpaths=X=24 Y=4 Z=0/X=23 Y=4 Z=7/
BuildingToolStore_C
Translation: X=5850.000 Y=8250.000 Z=600.000 Rotation: P=0.000000 Y=-179.999954 R=0.000000 Scale X=1.000 Y=1.000 Z=1.000
Level=1
Teleport=False
Health=MAX
Powerpaths=X=23 Y=3 Z=3/X=23 Y=4 Z=3/
}
monsters{
}
monsterfrequency{
}
landslidefrequency{
20:12,16/10,16/11,15/11,17/13,16/11,16/12,15/12,17/22,19/23,18/25,19/24,18/5,23/6,22/28,23/27,22/5,24/6,23/21,32/28,24/5,25/44,26/42,26/43,25/43,27/13,27/11,27/12,26/12,28/17,27/34,27/32,27/33,26/33,28/44,27/42,27/43,26/43,28/13,28/11,28/12,27/17,28/18,29/34,28/32,28/33,27/33,29/39,28/37,28/38,27/38,29/5,29/17,29/18,30/39,29/38,28/38,30/5,30/11,31/20,32/21,33/22,33/24,32/23,33/44,32/40,33/44,33/40,34/44,34/44,35/44,36/32,42/33,42/34,42/6,32/
}
lavaspread{
40:11,16/10,16/34,15/29,15/21,15/20,15/19,15/18,15/15,15/12,15/11,15/34,14/33,14/32,14/22,14/21,14/20,14/19,14/33,13/26,13/23,13/22,13/21,13/20,13/19,13/27,12/26,12/25,12/24,12/23,12/22,12/25,11/24,11/12,16/13,16/14,16/15,16/16,16/17,16/18,16/19,16/20,16/28,16/29,16/30,16/9,17/10,17/11,17/14,17/15,17/16,17/17,17/18,17/19,17/28,17/29,17/30,17/31,17/9,18/14,18/15,18/16,18/17,18/18,18/23,18/24,18/29,18/30,18/31,18/32,18/38,18/39,18/40,18/7,19/8,19/9,19/12,19/13,19/14,19/15,19/16,19/17,19/22,19/23,19/24,19/25,19/29,19/30,19/31,19/32,19/33,19/37,19/38,19/39,19/40,19/41,19/6,20/7,20/8,20/9,20/10,20/11,20/12,20/15,20/16,20/22,20/23,20/24,20/25,20/26,20/30,20/31,20/32,20/33,20/34,20/38,20/39,20/40,20/41,20/6,21/7,21/10,21/11,21/12,21/16,21/21,21/22,21/23,21/24,21/25,21/26,21/30,21/31,21/32,21/33,21/34,21/35,21/38,21/39,21/40,21/41,21/6,22/11,22/12,22/16,22/17,22/18,22/19,22/20,22/21,22/22,22/23,22/24,22/25,22/26,22/27,22/31,22/32,22/33,22/34,22/35,22/39,22/40,22/41,22/42,22/5,23/6,23/11,23/12,23/13,23/14,23/15,23/16,23/17,23/18,23/19,23/20,23/21,23/22,23/23,23/24,23/25,23/26,23/27,23/28,23/31,23/32,23/33,23/34,23/35,23/36,23/39,23/40,23/41,23/42,23/43,23/5,24/6,24/7,24/11,24/12,24/13,24/14,24/15,24/16,24/17,24/18,24/19,24/20,24/21,24/22,24/23,24/24,24/25,24/26,24/27,24/28,24/32,24/33,24/34,24/35,24/36,24/39,24/40,24/41,24/42,24/43,24/5,25/6,25/12,25/13,25/14,25/15,25/18,25/19,25/20,25/21,25/22,25/23,25/24,25/25,25/26,25/27,25/28,25/32,25/33,25/36,25/37,25/40,25/41,25/42,25/43,25/6,26/12,26/13,26/14,26/18,26/19,26/20,26/21,26/22,26/23,26/24,26/25,26/26,26/27,26/28,26/33,26/36,26/37,26/41,26/42,26/43,26/44,26/6,27/7,27/11,27/12,27/13,27/14,27/17,27/18,27/19,27/20,27/21,27/22,27/23,27/24,27/25,27/26,27/27,27/28,27/29,27/33,27/34,27/37,27/38,27/42,27/43,27/44,27/6,28/7,28/11,28/12,28/13,28/17,28/18,28/19,28/20,28/21,28/22,28/23,28/24,28/25,28/26,28/27,28/28,28/29,28/32,28/33,28/34,28/37,28/38,28/39,28/42,28/43,28/5,29/6,29/7,29/13,29/17,29/18,29/19,29/20,29/21,29/22,29/23,29/24,29/25,29/26,29/27,29/28,29/32,29/33,29/38,29/39,29/42,29/43,29/5,30/6,30/7,30/8,30/13,30/18,30/19,30/20,30/21,30/22,30/23,30/24,30/25,30/26,30/27,30/31,30/32,30/33,30/38,30/42,30/43,30/6,31/7,31/8,31/11,31/12,31/13,31/19,31/20,31/21,31/22,31/23,31/24,31/25,31/26,31/31,31/32,31/33,31/34,31/37,31/38,31/42,31/43,31/6,32/7,32/8,32/11,32/12,32/13,32/14,32/15,32/20,32/21,32/22,32/23,32/24,32/25,32/30,32/31,32/32,32/33,32/34,32/35,32/36,32/37,32/38,32/39,32/43,32/44,32/6,33/7,33/8,33/9,33/10,33/11,33/12,33/13,33/14,33/15,33/16,33/21,33/22,33/23,33/29,33/30,33/31,33/32,33/33,33/34,33/35,33/36,33/37,33/38,33/39,33/40,33/43,33/44,33/6,34/7,34/8,34/9,34/10,34/13,34/14,34/15,34/16,34/17,34/28,34/29,34/30,34/31,34/32,34/35,34/36,34/37,34/38,34/39,34/40,34/43,34/44,34/7,35/8,35/9,35/13,35/14,35/15,35/16,35/17,35/18,35/27,35/28,35/29,35/30,35/31,35/32,35/35,35/36,35/37,35/38,35/39,35/43,35/44,35/8,36/9,36/13,36/14,36/15,36/16,36/17,36/18,36/19,36/25,36/26,36/27,36/28,36/29,36/30,36/31,36/36,36/37,36/38,36/39,36/42,36/43,36/44,36/15,37/16,37/17,37/18,37/19,37/20,37/23,37/24,37/25,37/26,37/27,37/28,37/29,37/30,37/31,37/37,37/38,37/39,37/42,37/43,37/17,38/18,38/19,38/20,38/21,38/22,38/23,38/24,38/25,38/26,38/27,38/28,38/29,38/30,38/38,38/39,38/42,38/43,38/18,39/19,39/20,39/21,39/22,39/23,39/24,39/25,39/26,39/27,39/28,39/38,39/42,39/43,39/44,39/19,40/20,40/21,40/22,40/41,40/42,40/43,40/21,41/22,41/39,41/40,41/41,41/42,41/43,41/21,42/22,42/23,42/24,42/32,42/33,42/34,42/38,42/39,42/40,42/41,42/42,42/22,43/23,43/24,43/25,43/26,43/27,43/28,43/29,43/30,43/31,43/32,43/33,43/34,43/35,43/36,43/37,43/38,43/39,43/40,43/24,44/25,44/26,44/27,44/28,44/34,44/35,44/36,44/37,44/38,44/
}
miners{
}
briefing{
We are getting sketchy reports of an attack on a nearby Mining HQ, by Lava Monsters. Nobody was injured, but it appears that the monsters have totally destroyed the Power Paths that connected and supplied energy to the buildings.

We must restore power to our Mining HQ to continue the mining operation and collect thirty-five Energy Crystals. There are also reports that a dam, which stemmed the flow of a lava river, has been breached and is threatening to engulf the entire area.

I suggest that you get some Loader Dozers on the scene immediately. Or actually, wait with that until they have been implemented into the game!
}
