info{
rowcount:56
colcount:56
camerapos:Translation: X=6735.043 Y=8072.315 Z=400.000 Rotation: P=47.893093 Y=-121.142540 R=0.000000 Scale X=1.000 Y=1.000 Z=1.000
cameraangle:0,45,0
biome:rock
creator:Baraklava
erosioninitialwaittime:10
camerazoom:1300.0
levelname:Rock hard
}
tiles{
38,38,38,38,38,38,38,38,38,38,38,38,38,38,38,38,38,38,38,38,38,38,38,38,38,38,38,38,38,38,38,38,38,38,38,38,38,38,38,38,38,38,38,38,38,38,38,38,38,38,38,38,38,38,38,38,
38,38,38,38,38,38,38,38,38,38,38,38,38,38,38,38,38,38,38,38,38,38,38,38,38,38,38,38,38,38,38,38,38,38,38,38,38,38,38,38,38,38,38,38,38,38,38,38,38,38,38,38,38,38,38,38,
38,38,38,38,38,38,38,38,38,38,38,38,38,38,38,38,38,38,38,38,38,38,38,38,38,38,38,38,38,38,38,38,38,38,38,38,38,38,38,38,38,38,38,38,38,38,38,38,38,38,38,38,38,38,38,38,
38,38,38,38,38,38,38,38,38,38,38,38,38,38,38,38,38,38,38,38,38,38,38,38,38,38,38,38,38,38,38,38,38,38,38,38,38,38,38,38,38,38,38,38,38,38,38,38,38,38,38,38,38,38,38,38,
38,38,38,38,38,38,38,38,38,38,38,38,38,38,38,38,38,38,38,38,38,38,38,38,38,38,38,38,38,38,38,38,38,38,38,38,38,38,38,38,38,38,38,38,38,38,38,38,38,38,38,38,38,38,38,38,
38,38,38,38,38,38,38,38,38,38,38,38,38,38,38,38,38,38,38,38,38,38,34,34,34,34,34,34,34,34,38,38,38,38,38,38,38,38,38,38,38,38,38,38,38,38,38,38,38,38,38,38,38,38,38,38,
38,38,38,38,38,38,38,38,38,101,101,34,34,34,34,34,34,38,38,38,34,34,34,34,34,38,101,101,34,34,34,101,38,38,38,38,38,38,38,38,38,38,38,38,38,38,38,38,38,38,38,38,38,38,38,38,
38,38,38,38,26,26,26,38,101,101,101,38,38,38,34,34,34,34,34,34,34,34,38,38,38,101,101,34,34,34,34,101,101,38,38,38,38,38,38,38,38,38,38,38,38,38,38,38,38,38,38,38,38,38,38,38,
38,38,38,38,26,26,26,38,101,101,101,38,38,38,38,38,34,34,34,34,34,38,38,38,101,101,34,38,38,38,38,101,101,101,101,38,38,38,38,38,38,38,38,38,38,38,38,38,38,38,38,38,38,38,38,38,
38,38,38,38,101,38,38,38,101,101,101,101,38,38,38,38,38,38,34,38,38,38,38,101,101,101,38,38,38,38,38,38,38,101,101,38,38,38,38,38,38,38,38,38,38,38,38,38,38,38,38,38,38,38,38,38,
38,38,38,38,101,101,38,38,38,101,101,101,101,38,38,38,38,38,38,38,38,38,101,101,101,38,38,38,38,38,38,38,38,101,101,38,38,38,38,38,38,38,38,38,38,38,38,38,38,38,38,38,38,38,38,38,
38,38,38,38,38,101,38,38,38,38,101,101,101,101,101,101,112,38,38,38,38,38,101,101,101,38,38,38,38,38,38,38,38,101,101,101,38,38,38,38,38,38,38,38,38,38,38,38,38,38,38,38,38,38,38,38,
38,38,38,38,38,101,101,38,38,38,38,101,101,101,101,101,101,101,38,38,38,101,101,101,38,38,38,38,38,38,38,38,38,38,101,101,38,38,38,38,38,38,38,38,38,38,38,38,38,38,38,38,38,38,38,38,
38,38,38,38,38,38,101,101,38,38,38,38,38,38,38,101,101,101,38,38,38,101,101,38,38,38,38,38,38,38,38,38,38,38,26,26,38,38,38,38,38,38,38,38,38,38,38,38,38,38,38,38,38,38,38,38,
38,38,38,38,38,38,38,101,111,38,38,38,38,38,38,38,101,101,101,38,38,101,101,38,38,38,38,38,38,38,38,38,38,38,101,101,38,38,38,38,38,38,38,38,38,38,38,38,38,38,38,38,38,38,38,38,
38,38,38,38,38,38,38,38,111,111,111,38,38,38,38,38,38,101,101,38,38,101,101,34,34,34,101,101,38,38,38,38,38,38,101,101,101,38,38,38,38,38,38,38,38,38,38,38,38,38,38,38,38,38,38,38,
38,38,38,38,38,38,38,38,38,111,111,111,38,38,38,38,38,101,101,101,101,101,38,38,38,38,38,101,101,38,38,38,38,38,38,101,101,101,38,38,38,38,38,38,38,38,38,38,38,38,38,38,38,38,38,38,
38,38,38,38,38,38,38,38,38,38,111,111,111,38,38,38,38,101,101,101,101,38,38,38,38,38,38,38,112,101,38,38,38,38,38,38,101,101,101,38,38,38,38,38,38,38,38,38,38,38,38,38,38,38,38,38,
38,38,38,38,38,38,38,38,101,101,101,101,101,101,101,34,34,101,101,101,101,38,38,38,38,38,38,34,101,101,38,38,38,38,38,38,38,101,101,101,101,101,101,38,38,38,38,38,38,38,38,38,38,38,38,38,
38,38,38,38,38,38,38,101,101,101,101,101,101,38,38,38,38,26,26,38,38,38,38,38,34,34,34,34,101,101,101,38,38,38,38,38,38,38,101,101,101,101,101,38,38,38,38,38,38,38,38,38,38,38,38,38,
38,38,38,38,38,101,101,101,101,38,38,38,38,38,38,38,101,101,101,38,38,38,38,1,1,38,38,38,38,101,101,38,38,38,38,38,38,38,38,38,38,38,34,38,38,38,38,38,38,38,38,38,38,38,38,38,
38,38,38,38,101,101,38,38,38,38,38,38,38,38,38,38,101,101,101,38,38,38,1,1,38,38,38,38,38,101,101,34,34,101,101,38,38,38,38,38,38,38,34,38,38,38,38,38,38,38,38,38,38,38,38,38,
38,38,38,38,34,38,38,38,38,38,38,38,38,38,38,38,101,101,38,38,38,50,1,38,38,38,38,38,38,101,101,38,38,38,101,101,101,38,38,38,38,101,101,38,38,38,38,38,38,38,38,38,38,38,38,38,
38,38,38,38,34,38,38,38,38,38,38,38,38,38,38,101,101,101,38,38,38,38,1,46,38,38,38,38,101,101,38,38,38,38,38,111,111,111,111,101,101,101,101,38,38,38,38,38,38,38,38,38,38,38,38,38,
38,38,38,38,101,38,38,38,38,38,38,38,38,38,101,101,101,38,38,38,46,1,1,38,38,38,38,38,26,26,38,38,38,38,38,38,38,111,111,111,101,101,38,38,38,38,38,38,38,38,38,38,38,38,38,38,
38,38,38,38,101,101,101,101,101,101,38,38,38,38,101,101,38,38,38,38,38,1,14,42,38,38,38,38,101,101,101,38,38,38,38,38,38,38,111,111,101,38,38,38,38,38,38,38,38,38,38,38,38,38,38,38,
38,38,38,38,38,101,101,101,101,101,101,38,38,38,101,101,38,38,38,38,42,1,14,38,38,38,38,38,101,101,101,101,38,38,38,38,38,38,38,111,101,38,38,38,38,38,38,38,38,38,38,38,38,38,38,38,
38,38,38,38,38,38,38,38,101,101,101,38,38,101,101,101,38,38,38,38,38,1,1,46,38,38,38,101,101,101,101,101,101,38,38,38,38,38,38,38,101,38,38,38,38,38,38,38,38,38,38,38,38,38,38,38,
38,38,38,38,38,38,38,38,38,101,101,38,38,101,101,38,38,38,38,38,46,1,38,38,38,38,38,101,101,38,38,101,101,101,38,38,38,38,38,38,101,101,38,38,38,38,38,38,38,38,38,38,38,38,38,38,
38,38,38,38,38,38,38,38,38,101,101,38,38,101,101,38,38,38,38,38,38,1,50,38,38,38,101,101,101,38,38,38,101,101,101,38,38,38,38,38,101,101,38,38,38,38,38,38,38,38,38,38,38,38,38,38,
38,38,38,38,38,38,38,38,38,101,101,38,101,101,101,38,38,38,38,38,1,1,38,38,38,38,101,101,38,38,38,38,38,101,101,101,38,38,38,38,38,101,38,38,38,38,38,38,38,38,38,38,38,38,38,38,
38,38,38,38,38,38,38,38,101,101,38,38,101,101,38,38,38,38,38,34,1,38,38,38,38,101,101,101,38,38,38,38,38,38,112,101,101,38,38,38,38,101,101,38,38,38,38,38,38,38,38,38,38,38,38,38,
38,38,38,38,38,38,38,101,101,38,38,38,101,101,38,38,38,38,38,34,38,38,38,38,38,101,101,38,38,38,38,38,38,38,38,101,101,101,38,38,38,38,101,38,38,38,38,38,38,38,38,38,38,38,38,38,
38,38,38,38,38,38,38,26,26,38,38,38,101,101,101,38,38,112,101,34,38,38,38,38,101,101,38,38,38,38,38,38,38,38,38,38,101,101,101,38,26,26,26,38,38,38,38,38,38,38,38,38,38,38,38,38,
38,38,38,38,38,38,38,101,101,38,38,38,101,101,101,101,101,101,101,38,38,38,38,101,101,38,38,38,38,38,38,38,38,38,38,38,38,101,101,38,26,26,26,38,38,38,38,38,38,38,38,38,38,38,38,38,
38,38,38,38,38,38,38,101,101,101,38,38,38,38,101,101,101,101,38,38,38,38,38,101,101,38,38,38,38,38,38,38,38,38,38,38,38,101,101,38,38,38,38,38,38,38,38,38,38,38,38,38,38,38,38,38,
38,38,38,38,38,38,38,38,101,101,101,38,38,38,38,38,34,38,38,38,38,38,101,101,38,38,38,38,38,38,38,38,38,38,38,38,38,101,101,38,38,38,38,38,38,38,38,38,38,38,38,38,38,38,38,38,
38,38,38,38,38,38,38,38,38,101,101,101,38,38,38,34,34,34,38,101,101,101,101,38,38,38,34,38,38,38,38,38,38,38,38,101,101,101,101,38,38,38,38,38,38,38,38,38,38,38,38,38,38,38,38,38,
38,38,38,38,38,38,38,38,38,38,101,101,101,101,101,34,34,34,101,101,101,101,38,38,38,34,34,34,38,38,38,38,38,101,101,101,101,101,38,38,38,38,38,38,38,38,38,38,38,38,38,38,38,38,38,38,
38,38,38,38,38,38,38,38,38,38,38,101,101,101,34,34,34,34,34,101,38,38,34,34,34,34,34,34,34,38,38,38,101,101,101,101,101,101,38,38,38,38,38,38,38,38,38,38,38,38,38,38,38,38,38,38,
38,38,38,38,38,38,38,38,38,38,38,38,38,38,34,34,34,34,34,34,34,34,34,34,34,38,38,38,34,34,34,101,101,101,38,38,38,38,38,38,38,38,38,38,38,38,38,38,38,38,38,38,38,38,38,38,
38,38,38,38,38,38,38,38,38,38,38,38,38,38,38,38,38,38,38,38,38,38,38,38,38,38,38,38,38,38,38,38,38,38,38,38,38,38,38,38,38,38,38,38,38,38,38,38,38,38,38,38,38,38,38,38,
38,38,38,38,38,38,38,38,38,38,38,38,38,38,38,38,38,38,38,38,38,38,38,38,38,38,38,38,38,38,38,38,38,38,38,38,38,38,38,38,38,38,38,38,38,38,38,38,38,38,38,38,38,38,38,38,
38,38,38,38,38,38,38,38,38,38,38,38,38,38,38,38,38,38,38,38,38,38,38,38,38,38,38,38,38,38,38,38,38,38,38,38,38,38,38,38,38,38,38,38,38,38,38,38,38,38,38,38,38,38,38,38,
38,38,38,38,38,38,38,38,38,38,38,38,38,38,38,38,38,38,38,38,38,38,38,38,38,38,38,38,38,38,38,38,38,38,38,38,38,38,38,38,38,38,38,38,38,38,38,38,38,38,38,38,38,38,38,38,
38,38,38,38,38,38,38,38,38,38,38,38,38,38,38,38,38,38,38,38,38,38,38,38,38,38,38,38,38,38,38,38,38,38,38,38,38,38,38,38,38,38,38,38,38,38,38,38,38,38,38,38,38,38,38,38,
38,38,38,38,38,38,38,38,38,38,38,38,38,38,38,38,38,38,38,38,38,38,38,38,38,38,38,38,38,38,38,38,38,38,38,38,38,38,38,38,38,38,38,38,38,38,38,38,38,38,38,38,38,38,38,38,
38,38,38,38,38,38,38,38,38,38,38,38,38,38,38,38,38,38,38,38,38,38,38,38,38,38,38,38,38,38,38,38,38,38,38,38,38,38,38,38,38,38,38,38,38,38,38,38,38,38,38,38,38,38,38,38,
38,38,38,38,38,38,38,38,38,38,38,38,38,38,38,38,38,38,38,38,38,38,38,38,38,38,38,38,38,38,38,38,38,38,38,38,38,38,38,38,38,38,38,38,38,38,38,38,38,38,38,38,38,38,38,38,
38,38,38,38,38,38,38,38,38,38,38,38,38,38,38,38,38,38,38,38,38,38,38,38,38,38,38,38,38,38,38,38,38,38,38,38,38,38,38,38,38,38,38,38,38,38,38,38,38,38,38,38,38,38,38,38,
38,38,38,38,38,38,38,38,38,38,38,38,38,38,38,38,38,38,38,38,38,38,38,38,38,38,38,38,38,38,38,38,38,38,38,38,38,38,38,38,38,38,38,38,38,38,38,38,38,38,38,38,38,38,38,38,
38,38,38,38,38,38,38,38,38,38,38,38,38,38,38,38,38,38,38,38,38,38,38,38,38,38,38,38,38,38,38,38,38,38,38,38,38,38,38,38,38,38,38,38,38,38,38,38,38,38,38,38,38,38,38,38,
38,38,38,38,38,38,38,38,38,38,38,38,38,38,38,38,38,38,38,38,38,38,38,38,38,38,38,38,38,38,38,38,38,38,38,38,38,38,38,38,38,38,38,38,38,38,38,38,38,38,38,38,38,38,38,38,
38,38,38,38,38,38,38,38,38,38,38,38,38,38,38,38,38,38,38,38,38,38,38,38,38,38,38,38,38,38,38,38,38,38,38,38,38,38,38,38,38,38,38,38,38,38,38,38,38,38,38,38,38,38,38,38,
38,38,38,38,38,38,38,38,38,38,38,38,38,38,38,38,38,38,38,38,38,38,38,38,38,38,38,38,38,38,38,38,38,38,38,38,38,38,38,38,38,38,38,38,38,38,38,38,38,38,38,38,38,38,38,38,
38,38,38,38,38,38,38,38,38,38,38,38,38,38,38,38,38,38,38,38,38,38,38,38,38,38,38,38,38,38,38,38,38,38,38,38,38,38,38,38,38,38,38,38,38,38,38,38,38,38,38,38,38,38,38,38,
}
height{
184,115,115,115,115,115,115,138,138,138,138,138,138,138,138,138,138,161,161,161,161,138,138,138,115,115,92,92,92,92,69,69,69,69,69,69,69,69,92,92,92,92,92,92,92,92,92,92,0,0,0,0,0,0,0,0,0,
184,115,115,115,115,115,115,138,138,138,138,138,138,138,138,138,138,161,161,161,138,138,138,115,115,115,92,92,92,69,69,69,69,69,92,92,92,92,92,92,92,92,138,138,138,138,138,92,0,0,0,0,0,0,0,0,0,
184,184,115,115,115,115,115,138,138,138,138,138,138,138,138,138,161,161,161,161,138,138,138,115,115,92,92,92,69,69,69,69,92,92,92,92,92,92,138,138,138,138,138,138,138,138,138,138,0,0,0,0,0,0,0,0,0,
184,184,115,115,115,115,115,115,138,138,138,138,138,138,138,161,161,161,161,138,138,138,115,115,115,92,92,69,69,69,69,92,92,92,92,138,138,138,138,138,138,138,138,138,138,138,138,138,0,0,0,0,0,0,0,0,0,
184,184,184,115,115,115,115,115,115,138,138,138,138,138,138,161,161,161,138,138,138,115,115,92,92,92,69,69,69,69,92,92,92,92,138,138,138,138,138,138,138,138,161,138,138,138,138,138,0,0,0,0,0,0,0,0,0,
184,184,184,184,115,115,115,115,115,115,138,138,138,138,138,161,161,138,138,138,115,115,115,92,92,92,69,69,69,69,92,92,92,138,138,138,138,161,161,161,161,161,161,161,161,138,138,138,0,0,0,0,0,0,0,0,0,
184,184,184,184,115,115,115,115,115,115,115,138,138,138,138,161,161,138,138,138,115,115,115,115,92,92,92,69,69,69,92,92,92,138,138,138,161,161,161,161,161,161,161,161,161,138,138,138,0,0,0,0,0,0,0,0,0,
184,184,184,184,184,184,184,184,92,115,115,115,115,138,161,161,161,138,138,138,138,115,115,115,115,92,92,92,69,92,92,92,92,92,138,138,161,161,161,161,207,207,207,161,161,161,161,161,0,0,0,0,0,0,0,0,0,
184,184,184,184,184,184,184,184,92,92,115,115,115,138,138,138,161,161,138,138,138,138,138,115,115,115,92,92,138,138,138,92,92,92,138,138,138,161,161,207,207,207,207,207,161,161,161,161,0,0,0,0,0,0,0,0,0,
184,184,184,184,184,184,184,184,92,92,92,92,92,115,138,138,161,161,138,138,138,138,138,138,115,115,115,230,230,161,138,92,92,138,138,138,161,161,161,207,207,207,207,207,161,161,161,161,0,0,0,0,0,0,0,0,0,
184,184,184,184,184,184,184,115,92,92,92,92,115,115,138,161,161,161,161,161,161,138,138,138,138,138,138,276,276,230,230,230,230,138,138,138,161,161,161,207,207,207,207,207,207,161,161,161,0,0,0,0,0,0,0,0,0,
184,184,184,184,184,184,184,161,115,92,115,115,115,115,138,138,138,138,161,161,161,161,161,161,138,138,253,253,300,253,253,253,253,138,138,138,138,161,161,207,207,230,230,207,207,161,161,161,0,0,0,0,0,0,0,0,0,
184,184,184,184,184,184,184,184,161,115,115,115,115,138,138,138,138,161,161,161,161,184,161,161,161,138,253,253,300,346,346,346,253,138,138,161,161,161,207,207,207,230,230,230,230,230,161,253,0,0,0,0,0,0,0,0,0,
69,69,184,184,184,184,184,207,207,138,138,115,115,138,138,138,161,161,161,161,207,184,184,184,161,253,253,300,300,369,346,346,253,253,161,161,161,161,207,207,230,230,230,230,230,230,253,253,0,0,0,0,0,0,0,0,0,
69,69,69,184,184,184,184,207,184,184,161,161,161,138,138,138,161,161,161,161,230,207,207,207,253,253,253,369,369,369,369,346,346,253,161,161,161,207,207,207,230,230,230,230,230,253,253,253,0,0,0,0,0,0,0,0,0,
69,69,69,184,207,207,207,207,184,184,184,184,161,161,138,161,161,184,184,184,230,207,230,253,323,323,346,346,346,369,369,346,346,253,207,207,207,207,207,230,230,230,230,230,230,253,253,253,0,0,0,0,0,0,0,0,0,
69,69,69,69,69,92,92,92,184,184,184,184,184,161,161,161,184,184,184,184,184,207,207,253,323,323,346,346,346,346,369,346,346,253,207,207,207,230,230,230,230,230,230,253,253,253,253,253,0,0,0,0,0,0,0,0,0,
69,69,69,46,46,46,46,46,207,184,184,184,184,184,161,184,184,184,184,184,184,184,253,323,323,346,346,346,369,369,369,346,346,253,253,207,230,230,230,230,253,253,253,253,253,253,253,253,0,0,0,0,0,0,0,0,0,
69,69,69,46,46,23,23,23,92,184,184,184,184,184,207,230,230,230,230,230,207,207,253,346,369,369,369,369,369,369,346,346,346,300,253,253,230,230,230,253,253,253,253,253,253,253,253,253,0,0,0,0,0,0,0,0,0,
69,69,46,46,23,23,23,23,46,92,92,92,92,92,207,207,207,230,230,230,207,207,253,369,369,369,369,369,369,369,346,346,346,300,300,253,253,230,253,253,253,253,253,253,253,253,253,253,0,0,0,0,0,0,0,0,0,
69,69,46,46,46,23,23,23,46,92,92,92,92,92,161,207,253,253,253,253,323,323,346,369,369,369,369,369,369,346,346,346,346,323,300,300,300,276,253,253,253,253,253,253,253,253,253,253,0,0,0,0,0,0,0,0,0,
69,69,69,46,46,46,23,23,46,46,92,92,92,138,138,207,253,253,253,253,323,346,369,369,369,369,369,369,369,346,346,346,346,323,323,323,276,276,276,276,276,276,253,253,253,253,253,253,0,0,0,0,0,0,0,0,0,
69,69,69,69,46,46,23,46,46,46,69,92,138,138,161,207,253,253,253,253,323,346,369,369,369,369,369,369,346,346,346,346,346,323,300,300,300,300,276,276,276,276,276,253,253,253,253,253,0,0,0,0,0,0,0,0,0,
92,92,69,69,46,46,46,46,69,69,69,92,138,161,207,276,276,253,253,323,323,346,369,369,369,369,369,346,323,323,323,323,323,323,300,300,300,300,300,300,276,276,276,253,253,253,253,253,0,0,0,0,0,0,0,0,0,
92,92,92,92,69,69,46,69,69,92,92,92,138,207,276,276,276,276,276,323,323,369,369,369,369,369,369,346,323,323,323,300,300,300,300,300,300,300,300,300,300,276,276,253,253,253,253,253,0,0,0,0,0,0,0,0,0,
92,92,92,92,69,69,69,69,92,92,92,138,138,207,276,276,276,276,323,323,346,369,369,369,369,369,346,346,300,300,300,300,300,300,300,300,300,300,300,300,300,276,276,276,276,276,276,253,0,0,0,0,0,0,0,0,0,
92,92,92,92,69,69,69,92,92,138,138,138,161,207,276,276,276,323,323,323,369,369,369,369,369,369,346,346,300,300,300,300,300,276,276,276,276,276,300,300,300,300,300,300,276,276,276,276,0,0,0,0,0,0,0,0,0,
92,92,92,92,92,69,69,92,138,138,161,161,184,276,276,276,276,323,323,346,369,369,369,369,369,346,346,300,300,300,300,300,276,276,276,276,276,276,276,300,300,300,300,300,276,276,276,276,0,0,0,0,0,0,0,0,0,
92,92,138,138,138,138,138,138,138,161,161,161,184,300,300,300,300,346,323,346,369,369,369,369,369,323,323,276,276,300,300,276,276,276,276,276,276,276,276,276,276,276,276,300,300,276,276,276,0,0,0,0,0,0,0,0,0,
138,138,138,161,161,161,161,161,161,184,184,184,207,300,300,300,346,346,346,369,369,369,369,369,346,323,276,276,276,276,300,276,276,276,253,253,253,253,253,276,276,276,276,276,300,276,276,276,0,0,0,0,0,0,0,0,0,
161,161,161,161,184,184,184,184,184,207,207,207,300,300,300,300,346,346,346,369,369,369,369,369,323,323,276,276,276,276,300,300,276,253,253,253,253,253,253,253,276,276,276,276,300,300,276,276,0,0,0,0,0,0,0,0,0,
161,161,184,184,184,184,230,230,230,230,230,230,323,323,323,323,346,346,346,369,369,369,369,346,323,253,253,253,253,276,276,300,276,253,253,253,253,253,253,253,253,207,207,207,207,300,300,276,0,0,0,0,0,0,0,0,0,
161,184,184,184,184,230,230,253,253,253,253,276,323,323,323,346,346,346,369,369,369,369,346,323,323,253,253,253,253,276,276,276,276,276,253,253,253,230,230,253,253,207,207,207,207,207,300,276,0,0,0,0,0,0,0,0,0,
161,184,184,184,230,230,230,253,253,276,276,276,323,346,346,346,346,346,369,346,346,323,323,323,230,230,230,253,253,253,253,253,253,253,253,253,230,230,207,207,253,253,253,253,207,207,300,300,0,0,0,0,0,0,0,0,0,
184,184,184,230,230,230,230,253,253,253,276,276,323,346,346,346,369,369,346,323,323,323,346,253,253,230,230,253,253,253,253,253,230,230,230,230,230,207,207,207,253,253,253,253,207,207,300,300,0,0,0,0,0,0,0,0,0,
184,184,184,230,230,230,230,253,253,253,253,276,323,346,346,346,369,346,346,323,346,346,346,253,253,253,230,230,253,230,230,230,230,161,161,161,161,184,207,207,253,253,253,253,207,207,207,300,0,0,0,0,0,0,0,0,0,
184,184,184,230,230,230,230,253,253,276,276,276,300,300,346,346,346,346,346,346,346,346,276,276,276,253,230,230,230,230,230,230,161,161,138,138,138,161,161,161,253,253,253,207,207,207,207,207,0,0,0,0,0,0,0,0,0,
184,184,230,230,230,230,253,253,253,276,276,276,276,300,300,346,346,346,346,300,300,276,276,276,276,184,184,184,184,161,161,161,161,161,138,115,115,138,161,161,161,253,253,253,207,207,207,207,0,0,0,0,0,0,0,0,0,
184,184,230,230,230,230,253,253,253,276,276,276,300,300,323,346,346,346,323,300,300,276,276,276,230,184,184,161,161,161,184,184,184,161,138,138,115,138,161,161,161,161,253,253,253,207,207,207,0,0,0,0,0,0,0,0,0,
184,184,230,230,230,230,253,253,253,276,276,276,300,300,323,323,323,323,323,300,300,276,276,230,230,184,184,161,161,184,184,184,184,161,161,161,138,138,138,161,161,161,253,253,253,253,207,207,0,0,0,0,0,0,0,0,0,
184,184,230,230,230,230,253,253,253,276,276,276,300,300,300,300,300,300,300,300,276,276,253,230,230,184,184,161,161,161,161,184,184,184,161,161,138,138,138,161,161,161,161,253,253,253,207,207,0,0,0,0,0,0,0,0,0,
184,184,184,230,230,230,253,253,253,276,276,276,300,300,300,300,300,300,300,300,276,276,253,230,230,184,184,161,161,161,184,184,184,184,161,161,138,138,138,138,161,161,161,161,253,253,253,207,0,0,0,0,0,0,0,0,0,
184,184,184,230,230,230,253,253,253,253,276,276,276,276,276,276,276,276,276,276,276,253,230,230,230,184,184,161,161,161,184,184,184,161,161,161,161,138,138,138,161,161,161,161,253,253,253,207,0,0,0,0,0,0,0,0,0,
184,184,184,230,230,230,230,253,253,253,253,276,276,276,276,276,276,276,276,276,253,230,230,230,184,184,184,161,161,161,184,184,184,161,161,161,161,138,138,138,161,161,161,161,253,253,253,253,0,0,0,0,0,0,0,0,0,
184,184,184,230,230,230,230,230,253,253,253,253,276,276,276,276,276,276,276,253,230,230,230,230,184,184,184,161,161,161,161,161,161,161,161,161,161,138,138,138,138,161,161,253,253,253,253,253,0,0,0,0,0,0,0,0,0,
184,184,184,184,230,230,230,230,253,253,253,253,253,253,276,276,276,253,253,253,230,230,230,184,184,184,184,184,161,161,161,161,161,161,161,161,138,138,138,138,138,138,161,253,253,253,253,253,0,0,0,0,0,0,0,0,0,
184,184,184,184,230,230,230,230,230,230,253,253,253,253,253,253,253,253,253,230,230,230,230,184,184,184,184,184,161,161,161,161,161,161,161,161,138,138,138,138,138,138,253,253,253,253,253,253,0,0,0,0,0,0,0,0,0,
184,184,184,184,184,184,230,230,230,230,230,230,230,253,253,253,253,253,230,230,230,184,184,184,184,184,184,184,161,161,161,161,161,161,161,161,138,138,138,138,138,253,253,253,253,253,253,253,0,0,0,0,0,0,0,0,0,
0,0,0,0,0,0,0,0,0,0,0,0,0,0,0,0,0,0,0,0,0,0,0,0,0,0,0,0,0,0,0,0,0,0,0,0,0,0,0,0,0,0,0,0,0,0,0,0,0,0,0,0,0,0,0,0,0,
0,0,0,0,0,0,0,0,0,0,0,0,0,0,0,0,0,0,0,0,0,0,0,0,0,0,0,0,0,0,0,0,0,0,0,0,0,0,0,0,0,0,0,0,0,0,0,0,0,0,0,0,0,0,0,0,0,
0,0,0,0,0,0,0,0,0,0,0,0,0,0,0,0,0,0,0,0,0,0,0,0,0,0,0,0,0,0,0,0,0,0,0,0,0,0,0,0,0,0,0,0,0,0,0,0,0,0,0,0,0,0,0,0,0,
0,0,0,0,0,0,0,0,0,0,0,0,0,0,0,0,0,0,0,0,0,0,0,0,0,0,0,0,0,0,0,0,0,0,0,0,0,0,0,0,0,0,0,0,0,0,0,0,0,0,0,0,0,0,0,0,0,
0,0,0,0,0,0,0,0,0,0,0,0,0,0,0,0,0,0,0,0,0,0,0,0,0,0,0,0,0,0,0,0,0,0,0,0,0,0,0,0,0,0,0,0,0,0,0,0,0,0,0,0,0,0,0,0,0,
0,0,0,0,0,0,0,0,0,0,0,0,0,0,0,0,0,0,0,0,0,0,0,0,0,0,0,0,0,0,0,0,0,0,0,0,0,0,0,0,0,0,0,0,0,0,0,0,0,0,0,0,0,0,0,0,0,
0,0,0,0,0,0,0,0,0,0,0,0,0,0,0,0,0,0,0,0,0,0,0,0,0,0,0,0,0,0,0,0,0,0,0,0,0,0,0,0,0,0,0,0,0,0,0,0,0,0,0,0,0,0,0,0,0,
0,0,0,0,0,0,0,0,0,0,0,0,0,0,0,0,0,0,0,0,0,0,0,0,0,0,0,0,0,0,0,0,0,0,0,0,0,0,0,0,0,0,0,0,0,0,0,0,0,0,0,0,0,0,0,0,0,
0,0,0,0,0,0,0,0,0,0,0,0,0,0,0,0,0,0,0,0,0,0,0,0,0,0,0,0,0,0,0,0,0,0,0,0,0,0,0,0,0,0,0,0,0,0,0,0,0,0,0,0,0,0,0,0,0,
}
resources{
crystals:
0,0,0,0,0,0,0,0,0,0,0,0,0,0,0,0,0,0,0,0,0,0,0,0,0,0,0,0,0,0,0,0,0,0,0,0,0,0,0,0,0,0,0,0,0,0,0,0,0,0,0,0,0,0,0,0,
0,0,0,0,0,0,0,0,0,0,0,0,0,0,0,0,0,0,0,0,0,0,0,0,0,0,0,0,0,0,0,0,0,0,0,0,0,0,0,0,0,0,0,0,0,0,0,0,0,0,0,0,0,0,0,0,
0,0,0,0,0,0,0,0,0,0,0,0,0,0,0,0,0,0,0,0,0,0,0,0,0,0,0,0,0,0,0,0,0,0,0,0,0,0,0,0,0,0,0,0,0,0,0,0,0,0,0,0,0,0,0,0,
0,0,0,0,0,0,0,0,0,0,0,0,0,0,0,0,0,0,0,0,0,0,0,0,0,0,0,0,0,0,0,0,0,0,0,0,0,0,0,0,0,0,0,0,0,0,0,0,0,0,0,0,0,0,0,0,
0,0,0,0,0,0,0,0,0,0,0,0,0,0,0,0,0,0,0,0,0,0,0,0,0,0,0,0,0,0,0,0,0,0,0,0,0,0,0,0,0,0,0,0,0,0,0,0,0,0,0,0,0,0,0,0,
0,0,0,0,0,0,0,0,0,0,0,0,0,0,0,0,0,0,0,0,0,0,0,0,0,0,1,1,1,1,0,0,0,0,0,0,0,0,0,0,0,0,0,0,0,0,0,0,0,0,0,0,0,0,0,0,
0,0,0,0,0,0,0,0,0,0,0,3,3,3,0,0,0,0,0,0,0,0,0,0,0,0,0,0,1,1,1,0,0,0,0,0,0,0,0,0,0,0,0,0,0,0,0,0,0,0,0,0,0,0,0,0,
0,0,0,0,5,5,5,0,0,0,0,0,0,0,0,0,0,0,0,0,0,0,0,0,0,0,0,0,0,1,1,0,0,0,0,0,0,0,0,0,0,0,0,0,0,0,0,0,0,0,0,0,0,0,0,0,
0,0,0,0,5,5,5,0,0,0,0,0,0,0,0,0,0,11,11,11,0,0,0,0,0,0,0,0,0,0,0,0,0,0,0,0,0,0,0,0,0,0,0,0,0,0,0,0,0,0,0,0,0,0,0,0,
0,0,0,0,0,0,0,0,0,0,0,0,0,0,0,0,0,0,11,0,0,0,0,0,0,0,0,0,0,0,0,0,0,0,0,0,0,0,0,0,0,0,0,0,0,0,0,0,0,0,0,0,0,0,0,0,
0,0,0,0,0,0,0,0,0,0,0,0,0,0,0,0,0,0,0,0,0,0,0,0,0,0,0,0,0,0,0,0,0,0,0,0,0,0,0,0,0,0,0,0,0,0,0,0,0,0,0,0,0,0,0,0,
0,0,0,0,0,0,0,0,0,0,0,0,0,0,0,0,0,0,0,0,0,0,0,0,0,0,0,0,0,0,0,0,0,0,0,0,0,0,0,0,0,0,0,0,0,0,0,0,0,0,0,0,0,0,0,0,
0,0,0,0,0,0,0,0,0,0,0,0,0,0,0,0,0,0,0,0,0,0,0,0,0,0,0,0,0,0,0,0,0,0,0,0,0,0,0,0,0,0,0,0,0,0,0,0,0,0,0,0,0,0,0,0,
0,0,0,0,0,0,0,0,0,0,0,0,0,0,0,0,0,0,0,0,0,0,0,0,0,0,0,0,0,0,0,0,0,0,1,1,0,0,0,0,0,0,0,0,0,0,0,0,0,0,0,0,0,0,0,0,
0,0,0,0,0,0,0,0,0,0,0,0,0,0,0,0,0,0,0,0,0,0,0,0,0,0,0,0,0,0,0,0,0,0,0,0,0,0,0,0,0,0,0,0,0,0,0,0,0,0,0,0,0,0,0,0,
0,0,0,0,0,0,0,0,0,0,0,0,0,0,0,0,0,0,0,0,0,0,0,0,0,0,0,0,0,0,0,0,0,0,0,0,0,0,0,0,0,0,0,0,0,0,0,0,0,0,0,0,0,0,0,0,
0,0,0,0,0,0,0,0,0,0,0,0,0,0,0,0,0,0,0,0,0,0,0,0,0,0,0,0,0,0,0,0,0,0,0,0,0,0,0,0,0,0,0,0,0,0,0,0,0,0,0,0,0,0,0,0,
0,0,0,0,0,0,0,0,0,0,0,0,0,0,0,0,0,0,0,0,0,0,0,0,0,0,0,0,0,0,0,0,0,0,0,0,0,0,0,0,0,0,0,0,0,0,0,0,0,0,0,0,0,0,0,0,
0,0,0,0,0,0,0,0,0,0,0,0,0,0,0,1,1,0,0,0,0,0,0,0,0,0,0,0,0,0,0,0,0,0,0,0,0,0,0,0,0,0,0,0,0,0,0,0,0,0,0,0,0,0,0,0,
0,0,0,0,0,0,0,0,0,0,0,0,0,0,0,0,0,1,1,0,0,0,0,0,1,0,1,0,0,0,0,0,0,0,0,0,0,0,0,0,0,0,0,0,0,0,0,0,0,0,0,0,0,0,0,0,
0,0,0,0,0,0,0,0,0,0,0,0,0,0,0,0,0,0,0,0,0,0,0,0,0,0,0,0,0,0,0,0,0,0,0,0,0,0,0,0,0,0,3,0,0,0,0,0,0,0,0,0,0,0,0,0,
0,0,0,0,0,0,0,0,0,0,0,0,0,0,0,0,0,0,0,0,0,0,0,0,0,0,0,0,0,0,0,1,1,0,0,0,0,0,0,0,0,0,3,0,0,0,0,0,0,0,0,0,0,0,0,0,
0,0,0,0,3,0,0,0,0,0,0,0,0,0,0,0,0,0,0,0,0,0,0,0,0,0,0,0,0,0,0,0,0,0,0,0,0,0,0,0,0,0,0,0,0,0,0,0,0,0,0,0,0,0,0,0,
0,0,0,0,3,0,0,0,0,0,0,0,0,0,0,0,0,0,0,0,0,0,0,0,0,0,0,0,0,0,0,0,0,0,0,0,0,0,0,0,0,0,0,0,0,0,0,0,0,0,0,0,0,0,0,0,
0,0,0,0,0,0,0,0,0,0,0,0,0,0,0,0,0,0,0,0,0,0,0,0,0,0,0,0,1,1,0,0,0,0,0,0,0,0,0,0,0,0,0,0,0,0,0,0,0,0,0,0,0,0,0,0,
0,0,0,0,0,0,0,0,0,0,0,0,0,0,0,0,0,0,0,0,0,0,0,0,0,0,0,0,0,0,0,0,0,0,0,0,0,0,0,0,0,0,0,0,0,0,0,0,0,0,0,0,0,0,0,0,
0,0,0,0,0,0,0,0,0,0,0,0,0,0,0,0,0,0,0,0,0,0,0,0,0,0,0,0,0,0,0,0,0,0,0,0,0,0,0,0,0,0,0,0,0,0,0,0,0,0,0,0,0,0,0,0,
0,0,0,0,0,0,0,0,0,0,0,0,0,0,0,0,0,0,0,0,0,0,0,0,0,0,0,0,0,0,0,0,0,0,0,0,0,0,0,0,0,0,0,0,0,0,0,0,0,0,0,0,0,0,0,0,
0,0,0,0,0,0,0,0,0,0,0,0,0,0,0,0,0,0,0,0,0,0,0,0,0,0,0,0,0,0,0,0,0,0,0,0,0,0,0,0,0,0,0,0,0,0,0,0,0,0,0,0,0,0,0,0,
0,0,0,0,0,0,0,0,0,0,0,0,0,0,0,0,0,0,0,0,0,0,0,0,0,0,0,0,0,0,0,0,0,0,0,0,0,0,0,0,0,0,0,0,0,0,0,0,0,0,0,0,0,0,0,0,
0,0,0,0,0,0,0,0,0,0,0,0,0,0,0,0,0,0,0,0,0,0,0,0,0,0,0,0,0,0,0,0,0,0,0,0,0,0,0,0,0,0,0,0,0,0,0,0,0,0,0,0,0,0,0,0,
0,0,0,0,0,0,0,0,0,0,0,0,0,0,0,0,0,0,0,1,0,0,0,0,0,0,0,0,0,0,0,0,0,0,0,0,0,0,0,0,0,0,0,0,0,0,0,0,0,0,0,0,0,0,0,0,
0,0,0,0,0,0,0,0,0,0,0,0,0,0,0,0,0,0,0,0,0,0,0,0,0,0,0,0,0,0,0,0,0,0,0,0,0,0,0,0,0,0,0,0,0,0,0,0,0,0,0,0,0,0,0,0,
0,0,0,0,0,0,0,1,1,0,0,0,0,0,0,0,0,0,0,1,0,0,0,0,0,0,0,0,0,0,0,0,0,0,0,0,0,0,0,0,5,5,5,0,0,0,0,0,0,0,0,0,0,0,0,0,
0,0,0,0,0,0,0,0,0,0,0,0,0,0,0,0,0,0,0,0,0,0,0,0,0,0,0,0,0,0,0,0,0,0,0,0,0,0,0,0,5,5,5,0,0,0,0,0,0,0,0,0,0,0,0,0,
0,0,0,0,0,0,0,0,0,0,0,0,0,0,0,0,0,0,0,0,0,0,0,0,0,0,0,0,0,0,0,0,0,0,0,0,0,0,0,0,0,0,0,0,0,0,0,0,0,0,0,0,0,0,0,0,
0,0,0,0,0,0,0,0,0,0,0,0,0,0,0,0,0,0,0,0,0,0,0,0,0,0,0,0,0,0,0,0,0,0,0,0,0,0,0,0,0,0,0,0,0,0,0,0,0,0,0,0,0,0,0,0,
0,0,0,0,0,0,0,0,0,0,0,0,0,0,0,0,0,0,0,0,0,0,0,0,0,0,11,0,0,0,0,0,0,0,0,0,0,0,0,0,0,0,0,0,0,0,0,0,0,0,0,0,0,0,0,0,
0,0,0,0,0,0,0,0,0,0,0,0,0,0,0,1,0,1,0,0,0,0,0,0,0,11,11,11,0,0,0,0,0,0,0,0,0,0,0,0,0,0,0,0,0,0,0,0,0,0,0,0,0,0,0,0,
0,0,0,0,0,0,0,0,0,0,0,0,0,0,1,1,0,1,1,0,0,0,0,0,0,0,0,0,0,0,0,0,0,0,0,0,0,0,0,0,0,0,0,0,0,0,0,0,0,0,0,0,0,0,0,0,
0,0,0,0,0,0,0,0,0,0,0,0,0,0,1,0,0,0,1,1,0,0,0,0,0,0,0,0,3,3,3,0,0,0,0,0,0,0,0,0,0,0,0,0,0,0,0,0,0,0,0,0,0,0,0,0,
0,0,0,0,0,0,0,0,0,0,0,0,0,0,0,0,0,0,0,0,0,0,0,0,0,0,0,0,0,0,0,0,0,0,0,0,0,0,0,0,0,0,0,0,0,0,0,0,0,0,0,0,0,0,0,0,
0,0,0,0,0,0,0,0,0,0,0,0,0,0,0,0,0,0,0,0,0,0,0,0,0,0,0,0,0,0,0,0,0,0,0,0,0,0,0,0,0,0,0,0,0,0,0,0,0,0,0,0,0,0,0,0,
0,0,0,0,0,0,0,0,0,0,0,0,0,0,0,0,0,0,0,0,0,0,0,0,0,0,0,0,0,0,0,0,0,0,0,0,0,0,0,0,0,0,0,0,0,0,0,0,0,0,0,0,0,0,0,0,
0,0,0,0,0,0,0,0,0,0,0,0,0,0,0,0,0,0,0,0,0,0,0,0,0,0,0,0,0,0,0,0,0,0,0,0,0,0,0,0,0,0,0,0,0,0,0,0,0,0,0,0,0,0,0,0,
0,0,0,0,0,0,0,0,0,0,0,0,0,0,0,0,0,0,0,0,0,0,0,0,0,0,0,0,0,0,0,0,0,0,0,0,0,0,0,0,0,0,0,0,0,0,0,0,0,0,0,0,0,0,0,0,
0,0,0,0,0,0,0,0,0,0,0,0,0,0,0,0,0,0,0,0,0,0,0,0,0,0,0,0,0,0,0,0,0,0,0,0,0,0,0,0,0,0,0,0,0,0,0,0,0,0,0,0,0,0,0,0,
0,0,0,0,0,0,0,0,0,0,0,0,0,0,0,0,0,0,0,0,0,0,0,0,0,0,0,0,0,0,0,0,0,0,0,0,0,0,0,0,0,0,0,0,0,0,0,0,0,0,0,0,0,0,0,0,
0,0,0,0,0,0,0,0,0,0,0,0,0,0,0,0,0,0,0,0,0,0,0,0,0,0,0,0,0,0,0,0,0,0,0,0,0,0,0,0,0,0,0,0,0,0,0,0,0,0,0,0,0,0,0,0,
0,0,0,0,0,0,0,0,0,0,0,0,0,0,0,0,0,0,0,0,0,0,0,0,0,0,0,0,0,0,0,0,0,0,0,0,0,0,0,0,0,0,0,0,0,0,0,0,0,0,0,0,0,0,0,0,
0,0,0,0,0,0,0,0,0,0,0,0,0,0,0,0,0,0,0,0,0,0,0,0,0,0,0,0,0,0,0,0,0,0,0,0,0,0,0,0,0,0,0,0,0,0,0,0,0,0,0,0,0,0,0,0,
0,0,0,0,0,0,0,0,0,0,0,0,0,0,0,0,0,0,0,0,0,0,0,0,0,0,0,0,0,0,0,0,0,0,0,0,0,0,0,0,0,0,0,0,0,0,0,0,0,0,0,0,0,0,0,0,
0,0,0,0,0,0,0,0,0,0,0,0,0,0,0,0,0,0,0,0,0,0,0,0,0,0,0,0,0,0,0,0,0,0,0,0,0,0,0,0,0,0,0,0,0,0,0,0,0,0,0,0,0,0,0,0,
0,0,0,0,0,0,0,0,0,0,0,0,0,0,0,0,0,0,0,0,0,0,0,0,0,0,0,0,0,0,0,0,0,0,0,0,0,0,0,0,0,0,0,0,0,0,0,0,0,0,0,0,0,0,0,0,
0,0,0,0,0,0,0,0,0,0,0,0,0,0,0,0,0,0,0,0,0,0,0,0,0,0,0,0,0,0,0,0,0,0,0,0,0,0,0,0,0,0,0,0,0,0,0,0,0,0,0,0,0,0,0,0,
0,0,0,0,0,0,0,0,0,0,0,0,0,0,0,0,0,0,0,0,0,0,0,0,0,0,0,0,0,0,0,0,0,0,0,0,0,0,0,0,0,0,0,0,0,0,0,0,0,0,0,0,0,0,0,0,
ore:
0,0,0,0,0,0,0,0,0,0,0,0,0,0,0,0,0,0,0,0,0,0,0,0,0,0,0,0,0,0,0,0,0,0,0,0,0,0,0,0,0,0,0,0,0,0,0,0,0,0,0,0,0,0,0,0,
0,0,0,0,0,0,0,0,0,0,0,0,0,0,0,0,0,0,0,0,0,0,0,0,0,0,0,0,0,0,0,0,0,0,0,0,0,0,0,0,0,0,0,0,0,0,0,0,0,0,0,0,0,0,0,0,
0,0,0,0,0,0,0,0,0,0,0,0,0,0,0,0,0,0,0,0,0,0,0,0,0,0,0,0,0,0,0,0,0,0,0,0,0,0,0,0,0,0,0,0,0,0,0,0,0,0,0,0,0,0,0,0,
0,0,0,0,0,0,0,0,0,0,0,0,0,0,0,0,0,0,0,0,0,0,0,0,0,0,0,0,0,0,0,0,0,0,0,0,0,0,0,0,0,0,0,0,0,0,0,0,0,0,0,0,0,0,0,0,
0,0,0,0,0,0,0,0,0,0,0,0,0,0,0,0,0,0,0,0,0,0,0,0,0,0,0,0,0,0,0,0,0,0,0,0,0,0,0,0,0,0,0,0,0,0,0,0,0,0,0,0,0,0,0,0,
0,0,0,0,0,0,0,0,0,0,0,0,0,0,0,0,0,0,0,0,0,0,0,0,0,0,0,0,0,0,0,0,0,0,0,0,0,0,0,0,0,0,0,0,0,0,0,0,0,0,0,0,0,0,0,0,
0,0,0,0,0,0,0,0,0,0,0,0,0,0,0,0,0,0,0,0,0,0,0,0,0,0,0,0,0,0,0,0,0,0,0,0,0,0,0,0,0,0,0,0,0,0,0,0,0,0,0,0,0,0,0,0,
0,0,0,0,0,0,0,0,0,0,0,0,0,0,0,0,0,0,0,0,0,0,0,0,0,0,0,0,0,0,0,0,0,0,0,0,0,0,0,0,0,0,0,0,0,0,0,0,0,0,0,0,0,0,0,0,
0,0,0,0,0,0,0,0,0,0,0,0,0,0,0,0,0,0,0,0,0,0,0,0,0,0,0,0,0,0,0,0,0,0,0,0,0,0,0,0,0,0,0,0,0,0,0,0,0,0,0,0,0,0,0,0,
0,0,0,0,0,0,0,0,0,0,0,0,0,0,0,0,0,0,0,0,0,0,0,0,0,0,0,0,0,0,0,0,0,0,0,0,0,0,0,0,0,0,0,0,0,0,0,0,0,0,0,0,0,0,0,0,
0,0,0,0,0,0,0,0,0,0,0,0,0,0,0,0,0,0,0,0,0,0,0,0,0,0,0,0,0,0,0,0,0,0,0,0,0,0,0,0,0,0,0,0,0,0,0,0,0,0,0,0,0,0,0,0,
0,0,0,0,0,0,0,0,0,0,0,0,0,0,0,0,0,0,0,0,0,0,0,0,0,0,0,0,0,0,0,0,0,0,0,0,0,0,0,0,0,0,0,0,0,0,0,0,0,0,0,0,0,0,0,0,
0,0,0,0,0,0,0,0,0,0,0,0,0,0,0,0,0,0,0,0,0,0,0,0,0,0,0,0,0,0,0,0,0,0,0,0,0,0,0,0,0,0,0,0,0,0,0,0,0,0,0,0,0,0,0,0,
0,0,0,0,0,0,0,0,0,0,0,0,0,0,0,0,0,0,0,0,0,0,0,0,0,0,0,0,0,0,0,0,0,0,0,0,0,0,0,0,0,0,0,0,0,0,0,0,0,0,0,0,0,0,0,0,
0,0,0,0,0,0,0,0,0,0,0,0,0,0,0,0,0,0,0,0,0,0,0,0,0,0,0,0,0,0,0,0,0,0,0,0,0,0,0,0,0,0,0,0,0,0,0,0,0,0,0,0,0,0,0,0,
0,0,0,0,0,0,0,0,0,0,0,0,0,0,0,0,0,0,0,0,0,0,0,0,0,0,0,0,0,0,0,0,0,0,0,0,0,0,0,0,0,0,0,0,0,0,0,0,0,0,0,0,0,0,0,0,
0,0,0,0,0,0,0,0,0,0,0,0,0,0,0,0,0,0,0,0,0,0,0,0,0,0,0,0,0,0,0,0,0,0,0,0,0,0,0,0,0,0,0,0,0,0,0,0,0,0,0,0,0,0,0,0,
0,0,0,0,0,0,0,0,0,0,0,0,0,0,0,0,0,0,0,0,0,0,0,0,0,0,0,0,0,0,0,0,0,0,0,0,0,0,0,0,0,0,0,0,0,0,0,0,0,0,0,0,0,0,0,0,
0,0,0,0,0,0,0,0,0,0,0,0,0,0,0,0,0,0,0,0,0,0,0,0,0,0,0,0,0,0,0,0,0,0,0,0,0,0,0,0,0,0,0,0,0,0,0,0,0,0,0,0,0,0,0,0,
0,0,0,0,0,0,0,0,0,0,0,0,0,0,0,0,0,0,0,0,0,0,0,0,0,0,0,0,0,0,0,0,0,0,0,0,0,0,0,0,0,0,0,0,0,0,0,0,0,0,0,0,0,0,0,0,
0,0,0,0,0,0,0,0,0,0,0,0,0,0,0,0,0,0,0,0,0,0,0,0,0,0,0,0,0,0,0,0,0,0,0,0,0,0,0,0,0,0,0,0,0,0,0,0,0,0,0,0,0,0,0,0,
0,0,0,0,0,0,0,0,0,0,0,0,0,0,0,0,0,0,0,0,0,0,0,0,0,0,0,0,0,0,0,0,0,0,0,0,0,0,0,0,0,0,0,0,0,0,0,0,0,0,0,0,0,0,0,0,
0,0,0,0,0,0,0,0,0,0,0,0,0,0,0,0,0,0,0,0,0,0,0,0,0,0,0,0,0,0,0,0,0,0,0,0,0,0,0,0,0,0,0,0,0,0,0,0,0,0,0,0,0,0,0,0,
0,0,0,0,0,0,0,0,0,0,0,0,0,0,0,0,0,0,0,0,0,0,0,5,0,0,0,0,0,0,0,0,0,0,0,0,0,0,0,0,0,0,0,0,0,0,0,0,0,0,0,0,0,0,0,0,
0,0,0,0,0,0,0,0,0,0,0,0,0,0,0,0,0,0,0,0,5,0,0,0,0,0,0,0,0,0,0,0,0,0,0,0,0,0,0,0,0,0,0,0,0,0,0,0,0,0,0,0,0,0,0,0,
0,0,0,0,0,0,0,0,0,0,0,0,0,0,0,0,0,0,0,0,0,0,0,0,0,0,0,0,0,0,0,0,0,0,0,0,0,0,0,0,0,0,0,0,0,0,0,0,0,0,0,0,0,0,0,0,
0,0,0,0,0,0,0,0,0,0,0,0,0,0,0,0,0,0,0,0,0,0,0,0,0,0,0,0,0,0,0,0,0,0,0,0,0,0,0,0,0,0,0,0,0,0,0,0,0,0,0,0,0,0,0,0,
0,0,0,0,0,0,0,0,0,0,0,0,0,0,0,0,0,0,0,0,0,0,0,5,0,0,0,0,0,0,0,0,0,0,0,0,0,0,0,0,0,0,0,0,0,0,0,0,0,0,0,0,0,0,0,0,
0,0,0,0,0,0,0,0,0,0,0,0,0,0,0,0,0,0,0,0,5,0,0,0,0,0,0,0,0,0,0,0,0,0,0,0,0,0,0,0,0,0,0,0,0,0,0,0,0,0,0,0,0,0,0,0,
0,0,0,0,0,0,0,0,0,0,0,0,0,0,0,0,0,0,0,0,0,0,0,0,0,0,0,0,0,0,0,0,0,0,0,0,0,0,0,0,0,0,0,0,0,0,0,0,0,0,0,0,0,0,0,0,
0,0,0,0,0,0,0,0,0,0,0,0,0,0,0,0,0,0,0,0,0,0,0,0,0,0,0,0,0,0,0,0,0,0,0,0,0,0,0,0,0,0,0,0,0,0,0,0,0,0,0,0,0,0,0,0,
0,0,0,0,0,0,0,0,0,0,0,0,0,0,0,0,0,0,0,0,0,0,0,0,0,0,0,0,0,0,0,0,0,0,0,0,0,0,0,0,0,0,0,0,0,0,0,0,0,0,0,0,0,0,0,0,
0,0,0,0,0,0,0,0,0,0,0,0,0,0,0,0,0,0,0,0,0,0,0,0,0,0,0,0,0,0,0,0,0,0,0,0,0,0,0,0,0,0,0,0,0,0,0,0,0,0,0,0,0,0,0,0,
0,0,0,0,0,0,0,0,0,0,0,0,0,0,0,0,0,0,0,0,0,0,0,0,0,0,0,0,0,0,0,0,0,0,0,0,0,0,0,0,0,0,0,0,0,0,0,0,0,0,0,0,0,0,0,0,
0,0,0,0,0,0,0,0,0,0,0,0,0,0,0,0,0,0,0,0,0,0,0,0,0,0,0,0,0,0,0,0,0,0,0,0,0,0,0,0,0,0,0,0,0,0,0,0,0,0,0,0,0,0,0,0,
0,0,0,0,0,0,0,0,0,0,0,0,0,0,0,0,0,0,0,0,0,0,0,0,0,0,0,0,0,0,0,0,0,0,0,0,0,0,0,0,0,0,0,0,0,0,0,0,0,0,0,0,0,0,0,0,
0,0,0,0,0,0,0,0,0,0,0,0,0,0,0,0,0,0,0,0,0,0,0,0,0,0,0,0,0,0,0,0,0,0,0,0,0,0,0,0,0,0,0,0,0,0,0,0,0,0,0,0,0,0,0,0,
0,0,0,0,0,0,0,0,0,0,0,0,0,0,0,0,0,0,0,0,0,0,0,0,0,0,0,0,0,0,0,0,0,0,0,0,0,0,0,0,0,0,0,0,0,0,0,0,0,0,0,0,0,0,0,0,
0,0,0,0,0,0,0,0,0,0,0,0,0,0,0,0,0,0,0,0,0,0,0,0,0,0,0,0,0,0,0,0,0,0,0,0,0,0,0,0,0,0,0,0,0,0,0,0,0,0,0,0,0,0,0,0,
0,0,0,0,0,0,0,0,0,0,0,0,0,0,0,0,0,0,0,0,0,0,0,0,0,0,0,0,0,0,0,0,0,0,0,0,0,0,0,0,0,0,0,0,0,0,0,0,0,0,0,0,0,0,0,0,
0,0,0,0,0,0,0,0,0,0,0,0,0,0,0,0,0,0,0,0,0,0,0,0,0,0,0,0,0,0,0,0,0,0,0,0,0,0,0,0,0,0,0,0,0,0,0,0,0,0,0,0,0,0,0,0,
0,0,0,0,0,0,0,0,0,0,0,0,0,0,0,0,0,0,0,0,0,0,0,0,0,0,0,0,0,0,0,0,0,0,0,0,0,0,0,0,0,0,0,0,0,0,0,0,0,0,0,0,0,0,0,0,
0,0,0,0,0,0,0,0,0,0,0,0,0,0,0,0,0,0,0,0,0,0,0,0,0,0,0,0,0,0,0,0,0,0,0,0,0,0,0,0,0,0,0,0,0,0,0,0,0,0,0,0,0,0,0,0,
0,0,0,0,0,0,0,0,0,0,0,0,0,0,0,0,0,0,0,0,0,0,0,0,0,0,0,0,0,0,0,0,0,0,0,0,0,0,0,0,0,0,0,0,0,0,0,0,0,0,0,0,0,0,0,0,
0,0,0,0,0,0,0,0,0,0,0,0,0,0,0,0,0,0,0,0,0,0,0,0,0,0,0,0,0,0,0,0,0,0,0,0,0,0,0,0,0,0,0,0,0,0,0,0,0,0,0,0,0,0,0,0,
0,0,0,0,0,0,0,0,0,0,0,0,0,0,0,0,0,0,0,0,0,0,0,0,0,0,0,0,0,0,0,0,0,0,0,0,0,0,0,0,0,0,0,0,0,0,0,0,0,0,0,0,0,0,0,0,
0,0,0,0,0,0,0,0,0,0,0,0,0,0,0,0,0,0,0,0,0,0,0,0,0,0,0,0,0,0,0,0,0,0,0,0,0,0,0,0,0,0,0,0,0,0,0,0,0,0,0,0,0,0,0,0,
0,0,0,0,0,0,0,0,0,0,0,0,0,0,0,0,0,0,0,0,0,0,0,0,0,0,0,0,0,0,0,0,0,0,0,0,0,0,0,0,0,0,0,0,0,0,0,0,0,0,0,0,0,0,0,0,
0,0,0,0,0,0,0,0,0,0,0,0,0,0,0,0,0,0,0,0,0,0,0,0,0,0,0,0,0,0,0,0,0,0,0,0,0,0,0,0,0,0,0,0,0,0,0,0,0,0,0,0,0,0,0,0,
0,0,0,0,0,0,0,0,0,0,0,0,0,0,0,0,0,0,0,0,0,0,0,0,0,0,0,0,0,0,0,0,0,0,0,0,0,0,0,0,0,0,0,0,0,0,0,0,0,0,0,0,0,0,0,0,
0,0,0,0,0,0,0,0,0,0,0,0,0,0,0,0,0,0,0,0,0,0,0,0,0,0,0,0,0,0,0,0,0,0,0,0,0,0,0,0,0,0,0,0,0,0,0,0,0,0,0,0,0,0,0,0,
0,0,0,0,0,0,0,0,0,0,0,0,0,0,0,0,0,0,0,0,0,0,0,0,0,0,0,0,0,0,0,0,0,0,0,0,0,0,0,0,0,0,0,0,0,0,0,0,0,0,0,0,0,0,0,0,
0,0,0,0,0,0,0,0,0,0,0,0,0,0,0,0,0,0,0,0,0,0,0,0,0,0,0,0,0,0,0,0,0,0,0,0,0,0,0,0,0,0,0,0,0,0,0,0,0,0,0,0,0,0,0,0,
0,0,0,0,0,0,0,0,0,0,0,0,0,0,0,0,0,0,0,0,0,0,0,0,0,0,0,0,0,0,0,0,0,0,0,0,0,0,0,0,0,0,0,0,0,0,0,0,0,0,0,0,0,0,0,0,
0,0,0,0,0,0,0,0,0,0,0,0,0,0,0,0,0,0,0,0,0,0,0,0,0,0,0,0,0,0,0,0,0,0,0,0,0,0,0,0,0,0,0,0,0,0,0,0,0,0,0,0,0,0,0,0,
0,0,0,0,0,0,0,0,0,0,0,0,0,0,0,0,0,0,0,0,0,0,0,0,0,0,0,0,0,0,0,0,0,0,0,0,0,0,0,0,0,0,0,0,0,0,0,0,0,0,0,0,0,0,0,0,
}
objectives{
resources: 20,0,0
}
buildings{
BuildingToolStore_C
Translation: X=6750.000 Y=7950.000 Z=370.000 Rotation: P=0.000000 Y=0.000000 R=0.000000 Scale X=1.000 Y=1.000 Z=1.000
Level=1
Teleport=True
Health=MAX
Powerpaths=X=23 Y=2 Z=6/X=23 Y=1 Z=6/
}
monsters{
}
monsterfrequency{
}
landslidefrequency{
60:28,6/19,33/14,6/13,6/12,6/24,5/23,6/22,6/23,5/22,5/21,7/20,7/21,6/20,6/25,15/23,15/24,15/11,6/26,5/27,5/30,6/30,7/34,13/35,13/42,20/42,21/42,33/28,40/29,40/30,40/25,39/26,39/27,39/28,39/25,38/26,38/27,38/26,37/23,39/24,39/23,40/24,40/21,40/22,40/15,40/16,40/17,40/18,40/19,40/20,40/14,39/15,39/16,39/17,39/18,39/14,40/15,38/16,38/17,38/15,37/16,37/17,37/16,36/8,33/4,22/4,23/4,8/15,18/16,18/17,19/15,6/16,6/14,7/15,7/16,7/17,7/18,7/19,7/16,8/17,8/18,8/19,8/20,8/18,9/
}
lavaspread{
}
miners{
ID=0
Translation: X=6531.437 Y=7582.224 Z=434.000 Rotation: P=0.000041 Y=-0.003174 R=-0.000153 Scale X=1.000 Y=1.000 Z=1.000
Drill/
ID=1
Translation: X=6382.546 Y=7580.896 Z=434.000 Rotation: P=-0.000096 Y=0.006697 R=-0.000153 Scale X=1.000 Y=1.000 Z=1.000
Drill/
ID=2
Translation: X=6550.112 Y=7727.816 Z=434.000 Rotation: P=0.000130 Y=-0.437592 R=-0.000153 Scale X=1.000 Y=1.000 Z=1.000
Drill/
ID=3
Translation: X=6465.583 Y=7694.121 Z=434.000 Rotation: P=0.000000 Y=0.000000 R=0.000000 Scale X=1.000 Y=1.000 Z=1.000
Drill/
ID=4
Translation: X=6335.142 Y=7745.974 Z=434.000 Rotation: P=-0.000061 Y=0.000185 R=-0.000031 Scale X=1.000 Y=1.000 Z=1.000
Drill/
}
briefing{
We have located a cave that is rich with Energy Crystal seams and Ore deposits. Unfortunately, the cavern is too small for large drilling vehicles, and Hard Rock is blocking our progress. Positioning our buildings will be critical, as there is hardly any floor space!

Once you have established a Mining HQ, upgrade the Tool Store to be able to use Dynamite and collect twenty Energy Crystals.
}
