info{
rowcount:48
colcount:48
camerapos:Translation: X=5627.786 Y=10954.815 Z=411.786 Rotation: P=-15.915098 Y=-89.806366 R=0.000030 Scale X=1.000 Y=1.000 Z=1.000
cameraangle:0,45,0
biome:ice
creator:DDI
}
tiles{
38,38,38,38,38,38,38,38,38,38,38,38,38,38,38,38,38,38,38,38,38,38,38,38,38,38,38,38,38,38,38,38,38,38,38,38,38,38,38,38,38,38,38,38,38,38,38,38,
38,38,38,38,38,38,38,38,38,38,38,38,38,38,38,38,38,38,38,38,38,38,38,38,38,38,38,38,38,38,38,38,38,38,38,38,38,38,38,38,38,38,38,38,38,38,38,38,
38,38,38,38,38,38,38,38,38,38,38,38,38,38,38,38,38,38,38,38,38,38,38,38,38,38,38,38,38,38,38,38,38,38,38,38,38,38,38,38,38,38,38,38,38,38,38,38,
38,38,38,38,38,38,38,38,38,38,38,38,38,38,38,38,38,38,38,38,38,38,38,38,38,38,38,38,38,38,38,38,38,38,38,38,38,38,38,38,38,38,38,38,38,38,38,38,
38,38,38,38,38,38,38,38,38,38,38,38,38,38,38,38,38,38,38,38,38,38,38,38,38,38,38,38,38,38,38,38,38,38,38,38,38,38,38,38,38,38,38,38,38,38,38,38,
38,38,38,38,38,38,38,38,38,38,38,38,101,26,101,38,38,38,38,38,38,38,38,38,38,38,38,38,38,38,38,38,38,38,38,38,38,38,38,38,38,38,38,38,38,38,38,38,
38,38,38,38,38,38,38,101,101,101,101,101,101,38,101,101,101,38,38,38,38,38,101,101,26,101,38,101,101,101,101,38,38,38,38,38,38,38,38,38,38,38,38,38,38,38,38,38,
38,38,38,38,38,38,101,101,38,38,38,101,34,34,38,38,101,101,38,38,38,101,101,38,38,101,101,101,38,38,101,38,38,38,38,38,38,38,38,38,38,38,38,38,38,38,38,38,
38,38,38,38,30,101,101,38,38,38,38,26,34,34,26,38,38,101,101,38,38,26,38,38,38,38,101,38,38,38,101,38,38,38,38,38,38,38,38,38,38,38,38,38,38,38,38,38,
38,38,38,38,38,38,26,38,38,38,38,101,101,101,26,38,38,101,101,38,38,101,38,38,38,38,38,38,38,38,101,26,38,38,38,38,38,38,38,38,38,38,38,38,38,38,38,38,
38,38,38,38,38,38,101,101,38,38,38,38,38,101,101,38,38,101,101,38,38,101,101,101,38,38,38,101,101,101,101,26,101,101,38,38,38,38,38,38,38,38,38,38,38,38,38,38,
38,38,38,38,38,38,38,101,101,101,38,38,38,38,101,38,38,38,101,101,101,101,101,101,38,38,38,101,38,38,38,26,101,101,38,38,38,38,38,38,38,38,38,38,38,38,38,38,
38,38,38,38,38,38,38,38,38,101,101,101,38,38,38,38,38,38,38,38,38,101,101,38,38,38,101,101,38,38,38,38,101,101,38,38,38,38,38,38,38,38,38,38,38,38,38,38,
38,38,38,38,38,38,38,38,38,38,26,26,38,38,38,38,38,38,38,38,101,101,38,38,38,101,101,38,38,38,101,26,101,38,38,38,38,38,38,38,38,38,38,38,38,38,38,38,
38,38,38,38,38,38,101,26,101,101,101,101,38,38,38,38,38,38,38,101,101,38,38,38,38,26,38,38,38,101,101,38,101,38,38,38,38,38,38,38,38,38,38,38,38,38,38,38,
38,38,38,38,38,101,101,38,38,101,101,101,101,38,38,38,38,38,38,38,26,26,38,38,38,101,38,38,38,38,101,38,101,101,38,38,38,38,38,38,38,38,38,38,38,38,38,38,
38,38,38,38,30,101,38,38,38,38,26,34,34,38,101,101,38,38,38,38,26,26,38,38,38,101,101,101,38,38,38,38,101,101,38,38,38,38,38,38,38,38,38,38,38,38,38,38,
38,38,38,38,38,38,38,38,38,38,26,34,34,38,38,26,38,38,38,38,26,26,38,38,26,101,38,101,101,38,38,38,101,38,38,38,38,38,38,38,38,38,38,38,38,38,38,38,
38,38,38,38,38,38,38,26,101,101,101,34,34,38,38,101,101,38,38,38,38,101,38,38,101,38,38,38,101,38,38,38,101,38,38,38,38,38,38,38,38,38,38,38,38,38,38,38,
38,38,38,38,38,38,101,26,26,101,101,26,26,101,101,101,38,38,38,38,101,101,38,101,101,38,38,38,101,26,101,101,101,38,38,38,38,38,38,38,38,38,38,38,38,38,38,38,
38,38,38,38,38,101,101,34,34,26,38,38,38,38,38,38,38,38,38,38,101,38,38,101,38,38,38,38,101,101,38,38,101,38,38,38,38,38,38,38,38,38,38,38,38,38,38,38,
38,38,38,38,101,101,34,34,34,101,38,38,38,38,38,38,38,30,30,38,30,38,38,101,101,38,38,38,101,38,38,101,101,38,38,38,38,38,38,38,38,38,38,38,38,38,38,38,
38,38,38,38,101,101,34,34,34,101,101,30,38,38,38,30,26,101,101,26,30,38,38,101,101,26,101,101,101,38,101,101,38,38,38,38,38,38,38,38,38,38,38,38,38,38,38,38,
38,38,38,38,38,101,26,101,26,101,38,38,38,38,30,26,114,114,101,101,38,38,38,101,38,38,101,101,38,38,26,38,38,38,38,38,38,38,38,38,38,38,38,38,38,38,38,38,
38,38,38,38,38,38,38,101,38,38,38,38,38,30,26,101,101,101,101,26,38,38,38,26,38,38,38,38,38,38,101,38,38,38,38,38,38,38,38,38,38,38,38,38,38,38,38,38,
38,38,38,38,38,38,38,101,38,38,38,38,30,26,101,114,114,101,101,26,38,38,38,101,101,38,38,38,38,101,101,38,38,38,38,38,38,38,38,38,38,38,38,38,38,38,38,38,
38,38,38,38,38,38,101,101,38,38,38,38,30,30,26,101,101,114,114,26,30,38,38,38,101,101,101,101,101,101,101,38,38,38,38,38,38,38,38,38,38,38,38,38,38,38,38,38,
38,38,38,38,38,38,38,26,26,38,38,38,38,38,30,26,114,114,114,101,26,38,38,38,101,101,101,101,38,38,38,38,38,38,38,38,38,38,38,38,38,38,38,38,38,38,38,38,
38,38,38,38,38,38,38,38,101,101,38,38,38,38,30,26,101,101,101,101,26,30,38,38,101,38,38,38,38,38,38,38,38,38,38,38,38,38,38,38,38,38,38,38,38,38,38,38,
38,38,38,38,38,38,38,38,101,101,101,101,38,38,38,30,30,26,101,26,30,30,38,38,26,38,38,38,38,38,38,38,38,38,38,38,38,38,38,38,38,38,38,38,38,38,38,38,
38,38,38,38,38,38,38,38,101,101,101,38,38,38,38,38,30,30,30,30,38,38,38,38,101,101,38,38,38,38,38,38,38,38,38,38,38,38,38,38,38,38,38,38,38,38,38,38,
38,38,38,38,38,38,38,38,38,26,38,38,38,38,38,38,38,38,38,38,38,38,38,38,38,101,101,38,38,38,38,38,38,38,38,38,38,38,38,38,38,38,38,38,38,38,38,38,
38,38,38,38,38,38,38,38,38,101,38,38,38,38,38,38,38,38,38,38,38,38,38,38,38,38,101,38,38,38,38,38,38,38,38,38,38,38,38,38,38,38,38,38,38,38,38,38,
38,38,38,38,38,38,38,38,101,101,101,38,38,38,1,1,1,34,38,38,34,34,38,38,38,38,101,38,38,38,38,38,38,38,38,38,38,38,38,38,38,38,38,38,38,38,38,38,
38,38,38,38,38,38,38,38,38,101,101,101,26,1,1,1,1,1,34,34,34,1,1,1,38,38,101,38,38,38,38,38,38,38,38,38,38,38,38,38,38,38,38,38,38,38,38,38,
38,38,38,38,38,38,38,38,38,38,101,38,38,38,1,1,1,1,34,34,1,1,1,1,26,101,101,38,38,38,38,38,38,38,38,38,38,38,38,38,38,38,38,38,38,38,38,38,
38,38,38,38,38,38,38,38,38,38,38,38,38,38,38,38,1,34,34,34,34,1,1,1,38,38,101,38,38,38,38,38,38,38,38,38,38,38,38,38,38,38,38,38,38,38,38,38,
38,38,38,38,38,38,38,38,38,38,38,38,38,38,38,38,38,38,38,38,38,38,38,38,38,38,38,38,38,38,38,38,38,38,38,38,38,38,38,38,38,38,38,38,38,38,38,38,
38,38,38,38,38,38,38,38,38,38,38,38,38,38,38,38,38,38,38,38,38,38,38,38,38,38,38,38,38,38,38,38,38,38,38,38,38,38,38,38,38,38,38,38,38,38,38,38,
38,38,38,38,38,38,38,38,38,38,38,38,38,38,38,38,38,38,38,38,38,38,38,38,38,38,38,38,38,38,38,38,38,38,38,38,38,38,38,38,38,38,38,38,38,38,38,38,
38,38,38,38,38,38,38,38,38,38,38,38,38,38,38,38,38,38,38,38,38,38,38,38,38,38,38,38,38,38,38,38,38,38,38,38,38,38,38,38,38,38,38,38,38,38,38,38,
38,38,38,38,38,38,38,38,38,38,38,38,38,38,38,38,38,38,38,38,38,38,38,38,38,38,38,38,38,38,38,38,38,38,38,38,38,38,38,38,38,38,38,38,38,38,38,38,
38,38,38,38,38,38,38,38,38,38,38,38,38,38,38,38,38,38,38,38,38,38,38,38,38,38,38,38,38,38,38,38,38,38,38,38,38,38,38,38,38,38,38,38,38,38,38,38,
38,38,38,38,38,38,38,38,38,38,38,38,38,38,38,38,38,38,38,38,38,38,38,38,38,38,38,38,38,38,38,38,38,38,38,38,38,38,38,38,38,38,38,38,38,38,38,38,
38,38,38,38,38,38,38,38,38,38,38,38,38,38,38,38,38,38,38,38,38,38,38,38,38,38,38,38,38,38,38,38,38,38,38,38,38,38,38,38,38,38,38,38,38,38,38,38,
38,38,38,38,38,38,38,38,38,38,38,38,38,38,38,38,38,38,38,38,38,38,38,38,38,38,38,38,38,38,38,38,38,38,38,38,38,38,38,38,38,38,38,38,38,38,38,38,
38,38,38,38,38,38,38,38,38,38,38,38,38,38,38,38,38,38,38,38,38,38,38,38,38,38,38,38,38,38,38,38,38,38,38,38,38,38,38,38,38,38,38,38,38,38,38,38,
38,38,38,38,38,38,38,38,38,38,38,38,38,38,38,38,38,38,38,38,38,38,38,38,38,38,38,38,38,38,38,38,38,38,38,38,38,38,38,38,38,38,38,38,38,38,38,38,
}
height{
184,184,184,184,184,184,184,184,184,184,184,184,184,184,184,184,184,184,184,184,184,184,184,184,184,184,184,184,184,184,184,184,184,184,184,184,184,184,184,0,0,0,0,0,0,0,0,0,0,
184,184,184,184,184,184,184,184,184,184,184,184,184,184,184,184,184,184,184,184,184,184,184,184,184,184,184,184,184,184,184,184,184,184,184,184,184,184,184,0,0,0,0,0,0,0,0,0,0,
184,184,184,184,184,184,184,184,184,184,184,184,184,184,184,184,184,184,184,184,184,184,184,184,184,184,184,184,184,184,184,184,184,184,184,184,184,184,184,0,0,0,0,0,0,0,0,0,0,
184,184,184,184,184,184,184,184,184,184,184,184,184,184,184,184,184,184,184,184,184,184,184,184,184,184,184,184,184,184,184,184,184,184,184,184,184,184,184,0,0,0,0,0,0,0,0,0,0,
184,184,184,184,184,184,184,184,184,184,184,184,184,161,161,184,184,184,184,184,184,184,184,184,184,184,184,184,184,184,184,184,184,184,184,184,184,184,184,0,0,0,0,0,0,0,0,0,0,
184,184,184,184,184,184,184,184,161,161,161,161,161,138,138,161,161,184,184,184,184,184,184,161,161,161,184,184,161,161,161,184,184,184,184,184,184,184,184,0,0,0,0,0,0,0,0,0,0,
184,184,184,184,184,184,184,161,138,138,138,138,138,161,161,138,138,161,184,184,184,184,161,138,138,138,161,161,138,138,138,161,184,184,184,184,184,184,184,0,0,0,0,0,0,0,0,0,0,
184,184,184,184,184,161,161,138,161,161,161,161,161,184,161,161,161,138,161,184,184,161,138,161,161,138,138,138,161,161,161,184,184,184,184,184,184,184,184,0,0,0,0,0,0,0,0,0,0,
184,184,184,184,161,138,138,161,184,184,184,184,161,161,138,161,184,161,138,161,184,184,161,184,184,161,138,161,184,184,184,184,184,184,184,184,184,184,184,0,0,0,0,0,0,0,0,0,0,
184,184,184,184,184,161,138,161,184,184,184,161,138,138,138,161,184,161,138,161,184,184,161,161,184,184,161,184,161,161,161,161,161,161,184,184,184,184,184,0,0,0,0,0,0,0,0,0,0,
184,184,184,184,184,184,161,138,161,161,184,184,161,161,138,161,184,161,138,161,161,161,138,138,161,184,184,161,138,138,138,138,138,138,161,184,184,184,184,0,0,0,0,0,0,0,0,0,0,
184,184,184,184,184,184,184,161,138,138,161,161,184,184,161,184,184,184,161,138,138,138,138,138,161,184,161,138,161,161,161,161,138,138,161,184,184,184,184,0,0,0,0,0,0,0,0,0,0,
184,184,184,184,184,184,184,184,161,161,138,138,161,184,184,184,184,184,184,161,161,161,138,161,184,184,161,138,161,184,184,161,161,138,161,184,184,184,184,0,0,0,0,0,0,0,0,0,0,
184,184,184,184,184,184,184,161,161,161,161,138,161,184,184,184,184,184,184,184,161,138,161,184,184,161,138,161,184,184,161,138,138,161,184,184,184,184,184,0,0,0,0,0,0,0,0,0,0,
184,184,184,184,184,184,161,138,138,138,138,138,161,184,184,184,184,184,184,161,138,161,184,184,184,184,161,184,184,161,138,161,161,161,184,184,184,184,184,0,0,0,0,0,0,0,0,0,0,
184,184,184,184,184,161,138,161,161,161,138,138,138,161,184,184,184,184,184,184,161,138,161,184,184,184,161,161,184,184,161,184,161,138,161,184,184,184,184,0,0,0,0,0,0,0,0,0,0,
184,184,184,184,161,138,161,184,184,161,138,161,161,184,184,138,184,184,184,184,161,138,161,184,184,161,138,138,161,184,184,161,138,138,161,184,184,184,184,0,0,0,0,0,0,0,0,0,0,
184,184,184,184,184,161,184,184,161,161,138,161,184,184,184,184,161,184,184,184,161,138,161,184,161,138,161,161,138,161,184,184,161,161,184,184,184,184,184,0,0,0,0,0,0,0,0,0,0,
184,184,184,184,184,184,184,161,138,138,138,161,161,161,161,161,138,161,184,184,184,161,184,184,161,161,184,184,161,161,161,161,161,184,184,184,184,184,184,0,0,0,0,0,0,0,0,0,0,
184,184,184,184,184,184,161,138,138,138,138,138,138,138,138,138,161,184,184,184,161,138,161,161,138,161,184,184,161,138,138,138,138,161,184,184,184,184,184,0,0,0,0,0,0,0,0,0,0,
184,184,184,184,184,161,138,161,161,138,161,161,161,161,161,161,184,184,184,184,161,161,184,184,161,184,184,184,161,138,161,161,161,184,184,184,184,184,184,0,0,0,0,0,0,0,0,0,0,
184,184,184,184,161,138,161,184,161,138,161,184,184,184,184,184,184,184,184,161,138,161,184,161,138,161,161,161,161,161,184,161,138,161,184,184,184,184,184,0,0,0,0,0,0,0,0,0,0,
184,184,184,184,161,138,161,184,161,138,138,138,161,184,184,184,161,161,161,138,138,161,184,161,138,138,138,138,138,161,161,138,161,184,184,184,184,184,184,0,0,0,0,0,0,0,0,0,0,
184,184,184,184,184,161,138,138,138,138,161,184,184,184,184,161,138,138,138,138,161,184,184,184,161,161,161,138,161,184,184,161,184,184,184,184,184,184,184,0,0,0,0,0,0,0,0,0,0,
184,184,184,184,184,184,161,138,161,161,184,184,184,184,161,138,138,138,138,161,184,184,184,184,161,184,184,161,184,184,161,184,184,184,184,184,184,184,184,0,0,0,0,0,0,0,0,0,0,
184,184,184,184,184,184,161,138,161,184,184,184,184,184,161,138,138,138,138,161,184,184,184,161,138,161,161,161,161,161,138,161,184,184,184,184,184,184,184,0,0,0,0,0,0,0,0,0,0,
184,184,184,184,184,184,161,138,161,184,184,184,184,184,184,161,138,138,138,161,184,184,184,184,161,138,138,138,138,138,138,161,184,184,184,184,184,184,184,0,0,0,0,0,0,0,0,0,0,
184,184,184,184,184,184,184,161,138,161,184,184,184,184,184,161,138,138,138,138,161,184,184,184,184,138,138,138,161,161,161,184,184,184,184,184,184,184,184,0,0,0,0,0,0,0,0,0,0,
184,184,184,184,184,184,184,184,161,138,161,161,184,184,184,184,161,138,138,138,161,184,184,184,184,161,161,161,184,184,184,184,184,184,184,184,184,184,184,0,0,0,0,0,0,0,0,0,0,
184,184,184,184,184,184,184,184,161,138,138,138,161,184,184,184,184,161,161,161,184,184,184,184,184,161,184,184,184,184,184,184,184,184,184,184,184,184,184,0,0,0,0,0,0,0,0,0,0,
184,184,184,184,184,184,184,184,161,138,138,161,184,184,184,184,184,184,184,184,184,184,184,184,161,138,161,184,184,184,184,184,184,184,184,184,184,184,184,0,0,0,0,0,0,0,0,0,0,
184,184,184,184,184,184,184,184,184,161,161,184,184,184,184,184,184,184,184,184,184,184,184,184,184,161,138,161,184,184,184,184,184,184,184,184,184,184,184,0,0,0,0,0,0,0,0,0,0,
184,184,184,184,184,184,184,184,184,161,161,184,184,184,184,161,161,184,184,184,184,184,184,184,184,184,161,184,184,184,184,184,184,184,184,184,184,184,184,0,0,0,0,0,0,0,0,0,0,
184,184,184,184,184,184,184,184,161,138,138,161,161,161,161,138,138,161,184,184,184,184,161,161,184,184,184,184,184,184,184,184,184,184,184,184,184,184,184,0,0,0,0,0,0,0,0,0,0,
184,184,184,184,184,184,184,184,184,161,138,138,138,138,138,138,138,138,161,184,184,161,138,138,161,161,161,184,184,184,184,184,184,184,184,184,184,184,184,0,0,0,0,0,0,0,0,0,0,
184,184,184,184,184,184,184,184,184,184,161,161,161,161,161,138,138,138,161,184,161,138,138,138,138,138,138,161,184,184,184,184,184,184,184,184,184,184,184,0,0,0,0,0,0,0,0,0,0,
184,184,184,184,184,184,184,184,184,184,184,184,184,184,184,161,161,161,184,184,184,161,138,138,161,161,161,184,184,184,184,184,184,184,184,184,184,184,184,0,0,0,0,0,0,0,0,0,0,
184,184,184,184,184,184,184,184,184,184,184,184,184,184,184,184,184,184,184,184,184,184,161,161,184,184,184,184,184,184,184,184,184,184,184,184,184,184,184,0,0,0,0,0,0,0,0,0,0,
184,184,184,184,184,184,184,184,184,184,184,184,184,184,184,184,184,184,184,184,184,184,184,184,184,184,184,184,184,184,184,184,184,184,184,184,184,184,184,0,0,0,0,0,0,0,0,0,0,
184,184,184,184,184,184,184,184,184,184,184,184,184,184,184,184,184,184,184,184,184,184,184,184,184,184,184,184,184,184,184,184,184,184,184,184,184,184,184,0,0,0,0,0,0,0,0,0,0,
184,184,184,184,184,184,184,184,184,184,184,184,184,184,184,184,184,184,184,184,184,184,184,184,184,184,184,184,184,184,184,184,184,184,184,184,184,184,184,0,0,0,0,0,0,0,0,0,0,
184,184,184,184,184,184,184,184,184,184,184,184,184,184,184,184,184,184,184,184,184,184,184,184,184,184,184,184,184,184,184,184,184,184,184,184,184,184,184,0,0,0,0,0,0,0,0,0,0,
0,0,0,0,0,0,0,0,0,0,0,0,0,0,0,0,0,0,0,0,0,0,0,0,0,0,0,0,0,0,0,0,0,0,0,0,0,0,0,0,0,0,0,0,0,0,0,0,
0,0,0,0,0,0,0,0,0,0,0,0,0,0,0,0,0,0,0,0,0,0,0,0,0,0,0,0,0,0,0,0,0,0,0,0,0,0,0,0,0,0,0,0,0,0,0,0,
0,0,0,0,0,0,0,0,0,0,0,0,0,0,0,0,0,0,0,0,0,0,0,0,0,0,0,0,0,0,0,0,0,0,0,0,0,0,0,0,0,0,0,0,0,0,0,0,
0,0,0,0,0,0,0,0,0,0,0,0,0,0,0,0,0,0,0,0,0,0,0,0,0,0,0,0,0,0,0,0,0,0,0,0,0,0,0,0,0,0,0,0,0,0,0,0,
0,0,0,0,0,0,0,0,0,0,0,0,0,0,0,0,0,0,0,0,0,0,0,0,0,0,0,0,0,0,0,0,0,0,0,0,0,0,0,0,0,0,0,0,0,0,0,0,
0,0,0,0,0,0,0,0,0,0,0,0,0,0,0,0,0,0,0,0,0,0,0,0,0,0,0,0,0,0,0,0,0,0,0,0,0,0,0,0,0,0,0,0,0,0,0,0,
0,0,0,0,0,0,0,0,0,0,0,0,0,0,0,0,0,0,0,0,0,0,0,0,0,0,0,0,0,0,0,0,0,0,0,0,0,0,0,0,0,0,0,0,0,0,0,0,
}
resources{
crystals:
0,0,0,0,0,0,0,0,0,0,0,0,0,0,0,0,0,0,0,0,0,0,0,0,0,0,0,0,0,0,0,0,0,0,0,0,0,0,0,0,0,0,0,0,0,0,0,0,
0,0,0,0,0,0,0,0,0,0,0,0,0,0,0,0,0,0,0,0,0,0,0,0,0,0,0,0,0,0,0,0,0,0,0,0,0,0,0,0,0,0,0,0,0,0,0,0,
0,0,0,0,0,0,0,0,0,0,0,0,0,0,0,0,0,0,0,0,0,0,0,0,0,0,0,0,0,0,0,0,0,0,0,0,0,0,0,0,0,0,0,0,0,0,0,0,
0,0,0,0,0,0,0,0,0,0,0,0,0,0,0,0,0,0,0,0,0,0,0,0,0,0,0,0,0,0,0,0,0,0,0,0,0,0,0,0,0,0,0,0,0,0,0,0,
0,0,0,0,0,0,0,0,0,0,0,0,0,0,0,0,0,0,0,0,0,0,0,0,0,0,0,0,0,0,0,0,0,0,0,0,0,0,0,0,0,0,0,0,0,0,0,0,
0,0,0,0,0,0,0,0,0,0,0,0,0,0,0,0,0,0,0,0,0,0,0,0,0,0,0,0,0,0,0,0,0,0,0,0,0,0,0,0,0,0,0,0,0,0,0,0,
0,0,0,0,0,0,0,0,0,0,0,0,0,0,0,0,0,0,0,0,0,0,0,0,0,0,0,0,0,0,0,0,0,0,0,0,0,0,0,0,0,0,0,0,0,0,0,0,
0,0,0,0,0,0,0,0,0,0,0,0,0,0,0,0,0,0,0,0,0,0,0,0,0,0,0,0,0,0,0,0,0,0,0,0,0,0,0,0,0,0,0,0,0,0,0,0,
0,0,0,0,0,0,0,0,0,0,0,0,0,0,0,0,0,0,0,0,0,0,0,0,0,0,0,0,0,0,0,0,0,0,0,0,0,0,0,0,0,0,0,0,0,0,0,0,
0,0,0,0,0,0,0,0,0,0,0,0,0,0,0,0,0,0,0,0,0,0,0,0,0,0,0,0,0,0,0,0,0,0,0,0,0,0,0,0,0,0,0,0,0,0,0,0,
0,0,0,0,0,0,0,0,0,0,0,0,0,0,0,0,0,0,0,0,0,0,0,0,0,0,0,0,0,0,0,0,0,0,0,0,0,0,0,0,0,0,0,0,0,0,0,0,
0,0,0,0,0,0,0,0,0,0,0,0,0,0,0,0,0,0,0,0,0,0,0,0,0,0,0,0,0,0,0,0,0,0,0,0,0,0,0,0,0,0,0,0,0,0,0,0,
0,0,0,0,0,0,0,0,0,0,0,0,0,0,0,0,0,0,0,0,0,0,0,0,0,0,0,0,0,0,0,0,0,0,0,0,0,0,0,0,0,0,0,0,0,0,0,0,
0,0,0,0,0,0,0,0,0,0,0,0,0,0,0,0,0,0,0,0,0,0,0,0,0,0,0,0,0,0,0,0,0,0,0,0,0,0,0,0,0,0,0,0,0,0,0,0,
0,0,0,0,0,0,0,0,0,0,0,0,0,0,0,0,0,0,0,0,0,0,0,0,0,0,0,0,0,0,0,0,0,0,0,0,0,0,0,0,0,0,0,0,0,0,0,0,
0,0,0,0,0,0,0,0,0,0,0,0,0,0,0,0,0,0,0,0,0,0,0,0,0,0,0,0,0,0,0,0,0,0,0,0,0,0,0,0,0,0,0,0,0,0,0,0,
0,0,0,0,0,0,0,0,0,0,0,0,0,0,0,0,0,0,0,0,0,0,0,0,0,0,0,0,0,0,0,0,0,0,0,0,0,0,0,0,0,0,0,0,0,0,0,0,
0,0,0,0,0,0,0,0,0,0,0,0,0,0,0,0,0,0,0,0,0,0,0,0,0,0,0,0,0,0,0,0,0,0,0,0,0,0,0,0,0,0,0,0,0,0,0,0,
0,0,0,0,0,0,0,0,0,0,0,0,0,0,0,0,0,0,0,0,0,0,0,0,0,0,0,0,0,0,0,0,0,0,0,0,0,0,0,0,0,0,0,0,0,0,0,0,
0,0,0,0,0,0,0,0,0,0,0,0,0,0,0,0,0,0,0,0,0,0,0,0,0,0,0,0,0,0,0,0,0,0,0,0,0,0,0,0,0,0,0,0,0,0,0,0,
0,0,0,0,0,0,0,0,0,0,0,0,0,0,0,0,0,0,0,0,0,0,0,0,0,0,0,0,0,0,0,0,0,0,0,0,0,0,0,0,0,0,0,0,0,0,0,0,
0,0,0,0,0,0,0,0,0,0,0,0,0,0,0,0,0,0,3,0,3,0,0,0,0,0,0,0,0,0,0,0,0,0,0,0,0,0,0,0,0,0,0,0,0,0,0,0,
0,0,0,0,0,0,0,0,0,0,0,0,0,0,0,3,3,0,0,0,0,0,0,0,0,0,0,0,0,0,0,0,0,0,0,0,0,0,0,0,0,0,0,0,0,0,0,0,
0,0,0,0,0,0,0,0,0,0,0,0,0,0,3,0,0,0,0,0,0,0,0,0,0,0,0,0,0,0,0,0,0,0,0,0,0,0,0,0,0,0,0,0,0,0,0,0,
0,0,0,0,0,0,0,0,0,0,0,0,0,3,0,0,0,0,0,0,0,0,0,0,0,0,0,0,0,0,0,0,0,0,0,0,0,0,0,0,0,0,0,0,0,0,0,0,
0,0,0,0,0,0,0,0,0,0,0,0,0,0,0,0,0,0,0,0,0,0,0,0,0,0,0,0,0,0,0,0,0,0,0,0,0,0,0,0,0,0,0,0,0,0,0,0,
0,0,0,0,0,0,0,0,0,0,0,0,3,0,0,0,0,0,0,0,5,0,0,0,0,0,0,0,0,0,0,0,0,0,0,0,0,0,0,0,0,0,0,0,0,0,0,0,
0,0,0,0,0,0,0,0,0,0,0,0,0,0,0,0,0,0,0,0,0,0,0,0,0,0,0,0,0,0,0,0,0,0,0,0,0,0,0,0,0,0,0,0,0,0,0,0,
0,0,0,0,0,0,0,0,0,0,0,0,0,0,3,0,0,0,0,0,0,5,0,0,0,0,0,0,0,0,0,0,0,0,0,0,0,0,0,0,0,0,0,0,0,0,0,0,
0,0,0,0,0,0,0,0,0,0,0,0,0,0,0,5,0,0,0,0,0,3,0,0,0,0,0,0,0,0,0,0,0,0,0,0,0,0,0,0,0,0,0,0,0,0,0,0,
0,0,0,0,0,0,0,0,0,0,0,0,0,0,0,0,3,0,5,3,0,0,0,0,0,0,0,0,0,0,0,0,0,0,0,0,0,0,0,0,0,0,0,0,0,0,0,0,
0,0,0,0,0,0,0,0,0,0,0,0,0,0,0,0,0,0,0,0,0,0,0,0,0,0,0,0,0,0,0,0,0,0,0,0,0,0,0,0,0,0,0,0,0,0,0,0,
0,0,0,0,0,0,0,0,0,0,0,0,0,0,0,0,0,0,0,0,0,0,0,0,0,0,0,0,0,0,0,0,0,0,0,0,0,0,0,0,0,0,0,0,0,0,0,0,
0,0,0,0,0,0,0,0,0,0,0,0,0,0,0,0,0,0,0,0,0,0,0,0,0,0,0,0,0,0,0,0,0,0,0,0,0,0,0,0,0,0,0,0,0,0,0,0,
0,0,0,0,0,0,0,0,0,0,0,0,0,0,0,0,0,0,0,0,0,0,0,0,0,0,0,0,0,0,0,0,0,0,0,0,0,0,0,0,0,0,0,0,0,0,0,0,
0,0,0,0,0,0,0,0,0,0,0,0,0,0,0,0,0,0,0,0,0,0,0,0,0,0,0,0,0,0,0,0,0,0,0,0,0,0,0,0,0,0,0,0,0,0,0,0,
0,0,0,0,0,0,0,0,0,0,0,0,0,0,0,0,0,0,0,0,0,0,0,0,0,0,0,0,0,0,0,0,0,0,0,0,0,0,0,0,0,0,0,0,0,0,0,0,
0,0,0,0,0,0,0,0,0,0,0,0,0,0,0,0,0,0,0,0,0,0,0,0,0,0,0,0,0,0,0,0,0,0,0,0,0,0,0,0,0,0,0,0,0,0,0,0,
0,0,0,0,0,0,0,0,0,0,0,0,0,0,0,0,0,0,0,0,0,0,0,0,0,0,0,0,0,0,0,0,0,0,0,0,0,0,0,0,0,0,0,0,0,0,0,0,
0,0,0,0,0,0,0,0,0,0,0,0,0,0,0,0,0,0,0,0,0,0,0,0,0,0,0,0,0,0,0,0,0,0,0,0,0,0,0,0,0,0,0,0,0,0,0,0,
0,0,0,0,0,0,0,0,0,0,0,0,0,0,0,0,0,0,0,0,0,0,0,0,0,0,0,0,0,0,0,0,0,0,0,0,0,0,0,0,0,0,0,0,0,0,0,0,
0,0,0,0,0,0,0,0,0,0,0,0,0,0,0,0,0,0,0,0,0,0,0,0,0,0,0,0,0,0,0,0,0,0,0,0,0,0,0,0,0,0,0,0,0,0,0,0,
0,0,0,0,0,0,0,0,0,0,0,0,0,0,0,0,0,0,0,0,0,0,0,0,0,0,0,0,0,0,0,0,0,0,0,0,0,0,0,0,0,0,0,0,0,0,0,0,
0,0,0,0,0,0,0,0,0,0,0,0,0,0,0,0,0,0,0,0,0,0,0,0,0,0,0,0,0,0,0,0,0,0,0,0,0,0,0,0,0,0,0,0,0,0,0,0,
0,0,0,0,0,0,0,0,0,0,0,0,0,0,0,0,0,0,0,0,0,0,0,0,0,0,0,0,0,0,0,0,0,0,0,0,0,0,0,0,0,0,0,0,0,0,0,0,
0,0,0,0,0,0,0,0,0,0,0,0,0,0,0,0,0,0,0,0,0,0,0,0,0,0,0,0,0,0,0,0,0,0,0,0,0,0,0,0,0,0,0,0,0,0,0,0,
0,0,0,0,0,0,0,0,0,0,0,0,0,0,0,0,0,0,0,0,0,0,0,0,0,0,0,0,0,0,0,0,0,0,0,0,0,0,0,0,0,0,0,0,0,0,0,0,
0,0,0,0,0,0,0,0,0,0,0,0,0,0,0,0,0,0,0,0,0,0,0,0,0,0,0,0,0,0,0,0,0,0,0,0,0,0,0,0,0,0,0,0,0,0,0,0,
ore:
0,0,0,0,0,0,0,0,0,0,0,0,0,0,0,0,0,0,0,0,0,0,0,0,0,0,0,0,0,0,0,0,0,0,0,0,0,0,0,0,0,0,0,0,0,0,0,0,
0,0,0,0,0,0,0,0,0,0,0,0,0,0,0,0,0,0,0,0,0,0,0,0,0,0,0,0,0,0,0,0,0,0,0,0,0,0,0,0,0,0,0,0,0,0,0,0,
0,0,0,0,0,0,0,0,0,0,0,0,0,0,0,0,0,0,0,0,0,0,0,0,0,0,0,0,0,0,0,0,0,0,0,0,0,0,0,0,0,0,0,0,0,0,0,0,
0,0,0,0,0,0,0,0,0,0,0,0,0,0,0,0,0,0,0,0,0,0,0,0,0,0,0,0,0,0,0,0,0,0,0,0,0,0,0,0,0,0,0,0,0,0,0,0,
0,0,0,0,0,0,0,0,0,0,0,0,0,0,0,0,0,0,0,0,0,0,0,0,0,0,0,0,0,0,0,0,0,0,0,0,0,0,0,0,0,0,0,0,0,0,0,0,
0,0,0,0,0,0,0,0,0,0,0,0,0,0,0,0,0,0,0,0,0,0,0,0,0,0,0,0,0,0,0,0,0,0,0,0,0,0,0,0,0,0,0,0,0,0,0,0,
0,0,0,0,0,0,0,0,0,0,0,0,0,0,0,0,0,0,0,0,0,0,0,0,0,0,0,0,0,0,0,0,0,0,0,0,0,0,0,0,0,0,0,0,0,0,0,0,
0,0,0,0,0,0,0,0,0,0,0,0,0,0,0,0,0,0,0,0,0,0,0,0,0,0,0,0,0,0,0,0,0,0,0,0,0,0,0,0,0,0,0,0,0,0,0,0,
0,0,0,0,0,0,0,0,0,0,0,0,0,0,0,0,0,0,0,0,0,0,0,0,0,0,0,0,0,0,0,0,0,0,0,0,0,0,0,0,0,0,0,0,0,0,0,0,
0,0,0,0,0,0,0,0,0,0,0,0,0,0,0,0,0,0,0,0,0,0,0,0,0,0,0,0,0,0,0,0,0,0,0,0,0,0,0,0,0,0,0,0,0,0,0,0,
0,0,0,0,0,0,0,0,0,0,0,0,0,0,0,0,0,0,0,0,0,0,0,0,0,0,0,0,0,0,0,0,0,0,0,0,0,0,0,0,0,0,0,0,0,0,0,0,
0,0,0,0,0,0,0,0,0,0,0,0,0,0,0,0,0,0,0,0,0,0,0,0,0,0,0,0,0,0,0,0,0,0,0,0,0,0,0,0,0,0,0,0,0,0,0,0,
0,0,0,0,0,0,0,0,0,0,0,0,0,0,0,0,0,0,0,0,0,0,0,0,0,0,0,0,0,0,0,0,0,0,0,0,0,0,0,0,0,0,0,0,0,0,0,0,
0,0,0,0,0,0,0,0,0,0,0,0,0,0,0,0,0,0,0,0,0,0,0,0,0,0,0,0,0,0,0,0,0,0,0,0,0,0,0,0,0,0,0,0,0,0,0,0,
0,0,0,0,0,0,0,0,0,0,0,0,0,0,0,0,0,0,0,0,0,0,0,0,0,0,0,0,0,0,0,0,0,0,0,0,0,0,0,0,0,0,0,0,0,0,0,0,
0,0,0,0,0,0,0,0,0,0,0,0,0,0,0,0,0,0,0,0,0,0,0,0,0,0,0,0,0,0,0,0,0,0,0,0,0,0,0,0,0,0,0,0,0,0,0,0,
0,0,0,0,0,0,0,0,0,0,0,0,0,0,0,0,0,0,0,0,0,0,0,0,0,0,0,0,0,0,0,0,0,0,0,0,0,0,0,0,0,0,0,0,0,0,0,0,
0,0,0,0,0,0,0,0,0,0,0,0,0,0,0,0,0,0,0,0,0,0,0,0,0,0,0,0,0,0,0,0,0,0,0,0,0,0,0,0,0,0,0,0,0,0,0,0,
0,0,0,0,0,0,0,0,0,0,0,0,0,0,0,0,0,0,0,0,0,0,0,0,0,0,0,0,0,0,0,0,0,0,0,0,0,0,0,0,0,0,0,0,0,0,0,0,
0,0,0,0,0,0,0,0,0,0,0,0,0,0,0,0,0,0,0,0,0,0,0,0,0,0,0,0,0,0,0,0,0,0,0,0,0,0,0,0,0,0,0,0,0,0,0,0,
0,0,0,0,0,0,0,0,0,0,0,0,0,0,0,0,0,0,0,0,0,0,0,0,0,0,0,0,0,0,0,0,0,0,0,0,0,0,0,0,0,0,0,0,0,0,0,0,
0,0,0,0,0,0,0,0,0,0,0,0,0,0,0,0,0,0,0,0,0,0,0,0,0,0,0,0,0,0,0,0,0,0,0,0,0,0,0,0,0,0,0,0,0,0,0,0,
0,0,0,0,0,0,0,0,0,0,0,0,0,0,0,0,0,0,0,3,0,0,0,0,0,0,0,0,0,0,0,0,0,0,0,0,0,0,0,0,0,0,0,0,0,0,0,0,
0,0,0,0,0,0,0,0,0,0,0,0,0,0,0,3,0,0,0,0,0,0,0,0,0,0,0,0,0,0,0,0,0,0,0,0,0,0,0,0,0,0,0,0,0,0,0,0,
0,0,0,0,0,0,0,0,0,0,0,0,0,0,3,0,0,0,0,0,0,0,0,0,0,0,0,0,0,0,0,0,0,0,0,0,0,0,0,0,0,0,0,0,0,0,0,0,
0,0,0,0,0,0,0,0,0,0,0,0,0,3,0,0,0,0,0,3,0,0,0,0,0,0,0,0,0,0,0,0,0,0,0,0,0,0,0,0,0,0,0,0,0,0,0,0,
0,0,0,0,0,0,0,0,0,0,0,0,0,0,0,0,0,0,0,0,0,0,0,0,0,0,0,0,0,0,0,0,0,0,0,0,0,0,0,0,0,0,0,0,0,0,0,0,
0,0,0,0,0,0,0,0,0,0,0,0,0,0,0,0,0,0,0,0,0,0,0,0,0,0,0,0,0,0,0,0,0,0,0,0,0,0,0,0,0,0,0,0,0,0,0,0,
0,0,0,0,0,0,0,0,0,0,0,0,0,0,0,3,0,0,0,0,0,0,0,0,0,0,0,0,0,0,0,0,0,0,0,0,0,0,0,0,0,0,0,0,0,0,0,0,
0,0,0,0,0,0,0,0,0,0,0,0,0,0,0,0,0,3,0,0,0,0,0,0,0,0,0,0,0,0,0,0,0,0,0,0,0,0,0,0,0,0,0,0,0,0,0,0,
0,0,0,0,0,0,0,0,0,0,0,0,0,0,0,0,0,0,0,0,0,0,0,0,0,0,0,0,0,0,0,0,0,0,0,0,0,0,0,0,0,0,0,0,0,0,0,0,
0,0,0,0,0,0,0,0,0,0,0,0,0,0,0,0,0,0,0,0,0,0,0,0,0,0,0,0,0,0,0,0,0,0,0,0,0,0,0,0,0,0,0,0,0,0,0,0,
0,0,0,0,0,0,0,0,0,0,0,0,0,0,0,0,0,0,0,0,0,0,0,0,0,0,0,0,0,0,0,0,0,0,0,0,0,0,0,0,0,0,0,0,0,0,0,0,
0,0,0,0,0,0,0,0,0,0,0,0,0,0,0,0,0,0,0,0,0,0,0,0,0,0,0,0,0,0,0,0,0,0,0,0,0,0,0,0,0,0,0,0,0,0,0,0,
0,0,0,0,0,0,0,0,0,0,0,0,0,0,0,0,0,0,0,0,0,0,0,0,0,0,0,0,0,0,0,0,0,0,0,0,0,0,0,0,0,0,0,0,0,0,0,0,
0,0,0,0,0,0,0,0,0,0,0,0,0,0,0,0,0,0,0,0,0,0,0,0,0,0,0,0,0,0,0,0,0,0,0,0,0,0,0,0,0,0,0,0,0,0,0,0,
0,0,0,0,0,0,0,0,0,0,0,0,0,0,0,0,0,0,0,0,0,0,0,0,0,0,0,0,0,0,0,0,0,0,0,0,0,0,0,0,0,0,0,0,0,0,0,0,
0,0,0,0,0,0,0,0,0,0,0,0,0,0,0,0,0,0,0,0,0,0,0,0,0,0,0,0,0,0,0,0,0,0,0,0,0,0,0,0,0,0,0,0,0,0,0,0,
0,0,0,0,0,0,0,0,0,0,0,0,0,0,0,0,0,0,0,0,0,0,0,0,0,0,0,0,0,0,0,0,0,0,0,0,0,0,0,0,0,0,0,0,0,0,0,0,
0,0,0,0,0,0,0,0,0,0,0,0,0,0,0,0,0,0,0,0,0,0,0,0,0,0,0,0,0,0,0,0,0,0,0,0,0,0,0,0,0,0,0,0,0,0,0,0,
0,0,0,0,0,0,0,0,0,0,0,0,0,0,0,0,0,0,0,0,0,0,0,0,0,0,0,0,0,0,0,0,0,0,0,0,0,0,0,0,0,0,0,0,0,0,0,0,
0,0,0,0,0,0,0,0,0,0,0,0,0,0,0,0,0,0,0,0,0,0,0,0,0,0,0,0,0,0,0,0,0,0,0,0,0,0,0,0,0,0,0,0,0,0,0,0,
0,0,0,0,0,0,0,0,0,0,0,0,0,0,0,0,0,0,0,0,0,0,0,0,0,0,0,0,0,0,0,0,0,0,0,0,0,0,0,0,0,0,0,0,0,0,0,0,
0,0,0,0,0,0,0,0,0,0,0,0,0,0,0,0,0,0,0,0,0,0,0,0,0,0,0,0,0,0,0,0,0,0,0,0,0,0,0,0,0,0,0,0,0,0,0,0,
0,0,0,0,0,0,0,0,0,0,0,0,0,0,0,0,0,0,0,0,0,0,0,0,0,0,0,0,0,0,0,0,0,0,0,0,0,0,0,0,0,0,0,0,0,0,0,0,
0,0,0,0,0,0,0,0,0,0,0,0,0,0,0,0,0,0,0,0,0,0,0,0,0,0,0,0,0,0,0,0,0,0,0,0,0,0,0,0,0,0,0,0,0,0,0,0,
0,0,0,0,0,0,0,0,0,0,0,0,0,0,0,0,0,0,0,0,0,0,0,0,0,0,0,0,0,0,0,0,0,0,0,0,0,0,0,0,0,0,0,0,0,0,0,0,
0,0,0,0,0,0,0,0,0,0,0,0,0,0,0,0,0,0,0,0,0,0,0,0,0,0,0,0,0,0,0,0,0,0,0,0,0,0,0,0,0,0,0,0,0,0,0,0,
}
objectives{
resources: 25,0,0
}
buildings{
BuildingPowerStation_C
Translation: X=5250.000 Y=8250.000 Z=139.000 Rotation: P=0.000000 Y=-89.999992 R=0.000000 Scale X=1.000 Y=1.000 Z=1.000
Level=1
Teleport=False
Health=100.0
Powerpaths=X=20.000 Y=3.000 Z=1.000/X=20.000 Y=2.000 Z=1.000/X=20.000 Y=3.000 Z=0.000/
BuildingSupportStation_C
Translation: X=5550.000 Y=8250.000 Z=139.000 Rotation: P=0.000000 Y=0.000000 R=0.000000 Scale X=1.000 Y=1.000 Z=1.000
Level=1
Teleport=False
Health=100.0
Powerpaths=X=20.000 Y=3.000 Z=2.000/X=20.000 Y=2.000 Z=2.000/
BuildingTeleportPad_C
Translation: X=4950.000 Y=7050.000 Z=139.000 Rotation: P=0.000000 Y=89.999954 R=0.000000 Scale X=1.000 Y=1.000 Z=1.000
Level=1
Teleport=False
Health=100.0
Powerpaths=X=14.000 Y=7.000 Z=0.000/X=14.000 Y=7.000 Z=1.000/
BuildingToolStore_C
Translation: X=4650.000 Y=7650.000 Z=142.835 Rotation: P=0.000000 Y=89.999954 R=0.000000 Scale X=1.000 Y=1.000 Z=1.000
Level=1
Teleport=False
Health=100.0
Powerpaths=X=19.000 Y=1.000 Z=7.000/X=20.000 Y=1.000 Z=0.000/
}
monsters{
}
monsterfrequency{
}
landslidefrequency{
}
lavaspread{
}
miners{
ID=0
Translation: X=6364.996 Y=10539.788 Z=207.430 Rotation: P=-0.000061 Y=0.000004 R=-0.011169 Scale X=1.000 Y=1.000 Z=1.000
Drill/Shovel/
ID=1
Translation: X=6098.309 Y=10562.852 Z=226.958 Rotation: P=-0.009036 Y=0.051117 R=-0.014465 Scale X=1.000 Y=1.000 Z=1.000
Drill/Shovel/
ID=2
Translation: X=6221.792 Y=10701.783 Z=228.144 Rotation: P=-0.010559 Y=-0.047852 R=-0.012299 Scale X=1.000 Y=1.000 Z=1.000
Drill/Shovel/
ID=3
Translation: X=5272.489 Y=10654.883 Z=231.776 Rotation: P=0.010437 Y=0.019048 R=-0.011566 Scale X=1.000 Y=1.000 Z=1.000
Drill/Shovel/
ID=4
Translation: X=5191.915 Y=10782.899 Z=235.345 Rotation: P=0.002015 Y=0.049308 R=-0.000763 Scale X=1.000 Y=1.000 Z=1.000
Drill/Shovel/
ID=5
Translation: X=5297.046 Y=10484.353 Z=220.585 Rotation: P=0.009446 Y=0.008502 R=-0.004211 Scale X=1.000 Y=1.000 Z=1.000
Drill/Shovel/
}
