info{
rowcount:64
colcount:64
camerapos:Translation: X=3539.235 Y=4570.984 Z=219.365 Rotation: P=51.363342 Y=-90.007530 R=0.000003 Scale X=1.000 Y=1.000 Z=1.000
cameraangle:0,45,0
biome:rock
creator:Baraklava
erosioninitialwaittime:10
levelname:Water Works
camerazoom:1600.0
oxygen:30000/30000
}
tiles{
38,38,38,38,38,38,38,38,38,38,38,38,38,38,38,38,38,38,38,38,38,38,38,38,38,38,38,38,38,38,38,38,38,38,38,38,38,38,38,38,38,38,38,38,38,38,38,38,38,38,38,38,38,38,38,38,38,38,38,38,38,38,38,38,
38,38,38,38,38,38,38,38,38,38,38,38,38,38,38,38,38,38,38,38,38,38,38,38,38,38,38,38,38,38,38,38,38,38,38,38,38,38,38,38,38,38,38,38,38,38,38,38,38,38,38,38,38,38,38,38,38,38,38,38,38,38,38,38,
38,38,38,38,38,38,38,38,38,38,38,38,38,38,38,38,38,38,38,38,38,38,38,38,38,38,38,38,38,38,38,38,38,38,38,38,38,38,38,38,38,38,38,38,38,38,38,38,38,38,38,38,38,38,38,38,38,38,38,38,38,38,38,38,
38,38,38,38,38,38,38,38,38,38,38,38,38,38,38,38,38,38,38,38,38,38,38,38,38,38,38,38,38,38,38,38,38,38,38,38,38,38,38,38,38,38,38,38,38,38,38,38,38,38,38,38,38,38,38,38,38,38,38,38,38,38,38,38,
38,38,38,38,38,38,38,38,38,38,38,38,38,38,38,38,38,38,38,38,38,38,38,38,38,38,38,38,38,38,38,38,38,38,38,38,38,38,38,38,38,38,38,38,38,38,38,38,38,38,38,38,38,38,38,38,38,38,38,38,38,38,38,38,
38,38,38,38,38,11,11,11,11,11,11,11,11,11,11,11,11,11,11,38,38,38,38,38,38,38,38,38,38,38,38,38,38,38,38,38,38,38,38,38,11,11,11,11,11,11,11,11,1,1,26,101,101,101,101,38,38,38,38,38,38,38,38,38,
38,38,38,38,38,11,11,11,11,11,30,30,30,11,11,11,11,11,11,11,38,38,38,38,38,38,38,38,38,38,38,38,38,38,38,38,38,38,11,11,11,11,11,11,11,38,38,1,1,26,26,101,101,101,101,38,38,38,38,38,38,38,38,38,
38,38,38,38,38,11,11,11,30,30,30,30,30,30,30,11,11,11,11,11,38,38,38,11,38,38,11,38,38,38,38,38,38,38,38,38,38,38,11,11,11,11,11,11,38,38,38,38,1,26,26,101,101,101,101,38,38,38,38,38,38,38,38,38,
38,38,38,38,38,11,11,30,30,30,30,30,30,30,30,26,1,11,11,11,11,38,38,11,11,11,11,38,38,38,38,38,38,38,11,38,38,11,11,11,11,11,11,30,26,38,38,38,1,1,26,101,101,101,38,38,38,38,38,38,38,38,38,38,
38,38,38,38,38,11,30,30,30,30,30,26,26,26,26,26,1,11,11,11,11,11,11,11,11,11,11,38,38,38,38,38,38,38,11,11,11,11,11,11,11,11,30,30,26,38,38,38,1,1,26,101,101,38,38,38,38,38,38,38,38,38,38,38,
38,38,38,38,38,11,30,26,26,26,26,1,26,26,1,1,1,1,11,11,11,11,11,11,11,11,11,38,38,38,38,38,38,38,11,11,11,11,11,11,11,11,30,30,30,26,38,38,38,38,26,101,38,38,38,38,38,38,38,38,38,38,38,38,
38,38,38,38,38,11,11,26,26,1,1,1,1,1,1,1,1,1,11,11,11,11,11,11,11,11,11,11,38,38,38,38,38,11,11,11,11,11,11,11,11,11,11,30,30,30,38,38,38,38,101,101,38,38,38,38,38,38,38,38,38,38,38,38,
38,38,38,38,38,11,11,1,1,1,1,1,1,1,1,1,1,1,11,11,11,11,11,11,11,11,11,11,38,38,38,11,11,11,11,11,11,11,11,11,11,11,11,30,30,30,1,1,1,38,101,38,38,38,11,38,38,38,38,38,38,38,38,38,
38,38,38,38,38,11,11,1,1,1,1,14,1,1,1,1,1,11,11,11,11,11,11,11,11,11,11,11,38,38,11,11,11,11,11,11,11,11,11,11,11,11,11,11,30,26,1,1,1,38,38,38,38,11,11,38,38,38,38,38,38,38,38,38,
38,38,38,38,38,11,11,11,1,1,1,14,1,1,1,1,11,11,11,11,11,11,11,11,11,11,11,11,11,11,11,11,11,11,11,11,11,11,11,11,11,11,11,1,1,1,1,1,1,1,1,11,11,11,11,38,38,38,38,38,38,38,38,38,
38,38,38,38,38,11,11,11,1,1,1,1,1,1,1,1,11,11,11,11,38,38,11,11,11,11,11,11,11,11,11,11,11,11,11,11,11,11,11,11,11,11,11,1,1,11,11,11,1,1,1,11,11,11,11,38,38,38,38,38,38,38,38,38,
38,38,38,38,38,11,11,11,1,1,11,1,1,1,1,11,11,11,11,38,38,38,11,11,11,11,11,11,11,11,11,11,11,11,11,11,11,11,11,11,11,11,11,1,1,11,11,11,11,11,11,11,11,11,11,38,38,38,38,38,38,38,38,38,
38,38,38,38,38,11,11,1,1,11,11,11,1,11,11,11,11,11,38,38,38,11,11,11,11,11,11,11,11,11,11,11,11,11,11,11,11,11,11,11,11,11,11,1,1,11,11,11,11,11,11,11,11,11,38,38,38,38,38,38,38,38,38,38,
38,38,38,38,38,11,11,1,1,11,11,11,1,11,11,11,11,11,38,38,38,11,11,11,11,11,11,11,11,11,11,11,11,11,11,11,11,11,11,11,11,11,38,38,1,11,11,11,11,11,11,11,11,11,38,38,38,38,38,38,38,38,38,38,
38,38,38,38,38,11,1,1,11,11,11,11,11,11,11,11,11,38,38,38,11,11,11,11,11,11,11,11,11,11,11,11,11,11,11,11,11,11,11,11,11,38,38,38,1,38,38,11,38,38,11,11,11,38,38,38,38,38,38,38,38,38,38,38,
38,38,38,38,38,38,1,1,11,11,11,11,11,11,11,38,38,38,38,11,11,11,11,11,11,11,11,11,11,11,11,11,11,11,11,11,11,11,11,11,11,38,38,38,1,38,38,38,38,38,11,11,11,38,38,38,38,38,38,38,38,38,38,38,
38,38,38,38,38,38,26,38,38,11,11,11,11,11,11,38,38,38,38,11,11,11,11,11,11,11,11,11,11,11,11,11,11,11,11,11,11,11,11,11,11,38,38,38,1,1,38,38,38,38,38,38,38,38,38,38,38,38,38,38,38,38,38,38,
38,38,38,38,38,101,101,38,38,38,11,11,11,11,38,38,38,38,11,11,11,11,11,11,11,11,1,1,11,11,11,11,11,11,11,11,11,11,11,11,11,11,38,38,38,1,1,1,38,38,38,38,38,38,38,38,38,38,38,38,38,38,38,38,
38,38,38,38,38,101,101,38,38,38,11,11,11,38,38,38,11,11,11,11,11,11,11,11,11,1,1,1,1,1,11,11,11,11,11,11,11,11,11,11,11,11,38,38,38,38,1,1,1,1,38,38,38,38,38,38,38,38,38,38,38,38,38,38,
38,38,38,38,38,101,101,38,38,38,38,11,11,38,38,11,11,11,11,11,11,11,11,1,1,1,26,26,1,1,1,11,11,11,11,11,11,11,11,11,11,11,11,38,38,38,38,38,1,1,1,38,38,38,38,38,38,38,38,38,38,38,38,38,
38,38,38,38,38,38,101,101,38,38,38,11,11,11,11,11,11,11,11,11,11,1,1,1,1,26,30,30,26,1,1,1,11,11,11,11,11,11,11,11,11,11,11,38,38,38,38,38,38,1,1,1,1,1,1,38,38,38,38,38,38,38,38,38,
38,38,38,38,38,38,101,101,38,38,38,11,11,11,11,11,11,11,11,11,1,1,1,1,26,30,30,30,30,30,26,1,1,11,11,11,11,11,11,11,11,11,11,11,38,38,38,38,38,38,38,38,38,1,1,38,38,38,38,38,38,38,38,38,
38,38,38,38,38,38,101,101,38,38,38,11,11,11,11,11,11,11,11,11,1,1,1,26,30,30,38,38,30,30,30,26,1,1,11,11,11,11,11,11,11,11,11,11,11,11,11,38,38,38,38,38,38,38,1,1,38,38,38,38,38,38,38,38,
38,38,38,38,38,101,101,38,38,38,11,11,11,11,11,11,11,11,11,11,11,1,1,26,30,30,38,38,38,30,30,26,1,1,11,11,11,11,11,11,11,11,11,11,11,11,11,11,11,38,38,38,38,38,38,1,38,38,38,38,38,38,38,38,
38,38,38,38,101,101,38,38,38,38,11,38,38,11,11,11,11,11,11,11,11,1,1,1,26,30,30,38,38,30,26,1,1,1,11,11,11,11,11,11,11,11,11,11,11,11,11,11,11,11,11,38,38,38,38,1,38,38,38,38,38,38,38,38,
38,38,38,38,101,101,38,38,38,38,11,38,38,38,11,11,11,11,11,11,11,1,1,1,26,30,30,30,30,26,1,1,1,11,11,11,11,11,11,11,11,11,11,11,11,11,11,11,11,11,11,11,38,38,38,1,38,38,38,38,38,38,38,38,
38,38,38,38,101,101,101,38,38,38,38,38,38,38,38,38,11,11,11,11,11,11,1,1,1,26,30,30,30,26,1,1,11,11,11,11,11,11,11,11,11,11,11,11,11,11,11,11,11,11,11,38,38,38,1,1,38,38,38,38,38,38,38,38,
38,38,38,38,38,101,101,101,38,38,38,38,38,38,38,38,11,11,11,11,11,11,11,1,1,1,26,26,26,1,1,11,11,11,11,11,11,11,11,11,11,11,11,11,11,11,11,11,11,11,11,38,38,38,1,1,38,38,38,38,38,38,38,38,
38,38,38,38,38,38,101,101,38,38,38,38,38,38,38,38,11,11,11,11,11,11,11,11,1,1,1,1,1,1,1,11,11,11,11,11,11,11,11,11,11,11,11,11,11,11,11,11,11,11,11,11,38,38,38,1,38,38,38,38,38,38,38,38,
38,38,38,38,38,38,38,101,101,38,38,38,38,38,38,11,11,11,11,11,11,11,11,11,1,1,1,1,1,1,11,11,11,11,11,11,11,11,11,11,11,11,11,11,11,11,11,11,11,11,11,11,11,38,38,1,38,38,38,38,38,38,38,38,
38,38,38,38,38,38,38,101,38,38,38,38,38,38,11,11,11,11,11,11,11,11,11,11,11,1,1,1,1,1,11,11,11,11,11,11,11,11,11,11,11,11,11,11,11,11,11,11,11,11,11,11,38,38,38,1,38,38,38,38,38,38,38,38,
38,38,38,38,38,38,38,26,38,38,38,38,38,11,11,11,11,11,11,11,11,11,11,11,11,1,1,1,1,1,1,11,11,11,11,11,11,11,11,1,1,11,11,1,1,11,11,11,11,11,11,11,38,38,38,1,38,38,38,38,38,38,38,38,
38,38,38,38,38,38,38,1,1,38,38,38,11,11,11,11,11,11,11,11,11,11,11,11,11,11,11,11,1,1,1,1,11,11,11,11,11,11,1,1,1,1,11,1,1,1,1,1,11,11,11,11,38,38,1,1,38,38,38,38,38,38,38,38,
38,38,38,38,38,38,38,1,1,38,38,11,11,11,11,11,11,11,11,11,11,11,11,11,11,11,11,11,1,1,1,1,11,11,11,11,11,11,1,1,1,1,11,11,1,26,30,1,1,11,11,11,38,38,1,1,38,38,38,38,38,38,38,38,
38,38,38,38,38,38,38,38,1,1,1,11,11,11,11,11,11,11,11,11,11,11,11,11,11,11,11,11,11,1,1,1,11,11,11,11,11,1,1,1,1,1,1,1,1,26,30,30,1,11,11,11,11,1,1,1,38,38,38,38,38,38,38,38,
38,38,38,38,38,38,38,38,38,1,1,11,11,11,11,11,11,11,11,11,11,11,11,11,11,11,11,11,11,1,1,1,11,11,11,11,11,1,1,1,1,1,1,1,26,30,30,30,1,11,11,11,1,1,38,38,38,38,38,38,38,38,38,38,
38,38,38,38,38,38,38,38,38,1,1,11,11,11,11,11,11,11,11,11,11,11,11,11,11,11,11,11,11,11,11,1,1,1,11,11,11,1,1,1,1,1,26,26,30,30,34,34,1,1,11,11,1,11,38,38,38,38,38,38,38,38,38,38,
38,38,38,38,38,38,38,38,11,1,1,1,1,1,11,11,11,11,11,11,11,11,11,11,11,11,11,11,11,11,11,1,1,1,1,11,11,11,1,1,26,30,30,30,30,34,34,11,1,1,1,1,1,11,11,38,38,38,38,38,38,38,38,38,
38,38,38,38,38,38,11,11,11,11,1,1,1,1,1,11,11,11,11,11,11,11,11,11,11,11,11,11,11,11,11,1,1,1,1,11,11,11,11,11,30,30,30,30,30,34,11,11,11,1,1,1,1,1,11,38,38,38,38,38,38,38,38,38,
38,38,38,38,38,11,11,11,11,1,1,1,1,1,1,11,11,11,11,11,11,11,11,11,11,11,11,11,11,11,11,11,1,1,1,1,11,11,11,11,11,11,34,30,34,34,11,11,11,11,11,1,1,1,11,38,38,38,38,38,38,38,38,38,
38,38,38,38,38,11,11,11,1,1,1,1,1,1,11,11,11,1,11,11,11,11,11,11,11,11,11,11,11,11,11,11,1,1,1,1,38,38,11,11,11,11,11,34,34,11,11,11,11,11,11,11,1,11,38,38,38,38,38,38,38,38,38,38,
38,38,38,38,38,11,11,1,1,1,1,1,11,11,11,11,1,1,11,11,11,11,11,11,11,11,11,11,11,11,11,11,11,38,38,1,38,38,11,11,11,11,11,11,11,11,11,11,11,11,11,11,1,1,38,38,38,38,38,38,38,38,38,38,
38,38,38,38,38,11,11,1,1,1,1,11,11,11,1,1,1,1,1,11,11,11,11,11,11,11,11,11,11,11,38,38,11,38,38,1,38,38,38,11,11,11,11,11,11,11,11,11,11,11,11,11,11,1,1,38,38,38,38,38,38,38,38,38,
38,38,38,38,38,11,11,11,1,1,1,11,11,1,1,1,1,1,1,1,11,11,11,11,11,11,11,38,38,38,38,38,38,38,38,1,38,38,38,38,11,11,11,11,11,11,38,38,11,11,11,11,38,38,1,38,38,38,38,38,38,38,38,38,
38,38,38,38,38,11,11,11,1,1,1,11,11,1,1,1,1,1,1,11,11,11,11,11,11,11,11,38,38,38,38,38,38,38,38,1,38,38,38,38,38,38,38,11,38,38,38,38,38,11,11,11,38,38,1,1,1,38,38,38,38,38,38,38,
38,38,38,38,38,38,11,11,11,1,1,1,1,1,1,1,1,1,1,11,11,11,1,1,1,1,1,1,38,38,38,38,38,38,38,1,1,1,38,38,38,38,38,38,38,38,38,38,38,38,38,11,38,38,38,1,1,38,38,38,38,38,38,38,
38,38,38,38,38,38,11,11,11,11,1,1,1,26,26,1,1,11,1,1,1,1,1,1,38,38,1,1,1,38,38,38,38,38,38,1,1,1,1,38,38,38,38,38,38,38,38,38,38,38,38,38,38,38,38,1,1,38,38,38,38,38,38,38,
38,38,38,38,38,38,38,11,11,11,11,1,26,30,30,26,1,11,11,1,1,11,11,11,38,38,38,1,1,1,38,38,1,1,1,1,38,38,1,38,38,38,38,38,1,1,1,1,38,38,38,38,38,38,38,1,1,38,38,38,38,38,38,38,
38,38,38,38,38,38,38,38,11,11,11,11,30,30,30,30,11,11,11,38,38,11,11,11,38,38,38,38,1,1,38,38,1,38,38,38,38,38,1,1,38,38,38,1,1,1,1,1,1,1,38,38,1,1,1,1,38,38,38,38,38,38,38,38,
38,38,38,38,38,38,38,38,38,38,11,11,11,30,30,11,11,11,38,38,38,11,38,38,38,38,38,38,38,1,1,1,1,38,38,38,38,38,1,1,1,1,1,1,38,38,38,38,38,1,1,1,1,1,38,38,38,38,38,38,38,38,38,38,
38,38,38,38,38,38,38,38,38,38,38,38,38,38,38,38,38,38,38,38,38,38,38,38,38,38,38,38,38,38,1,1,38,38,38,38,38,38,38,38,38,38,38,38,38,38,38,38,38,38,38,38,38,38,38,38,38,38,38,38,38,38,38,38,
38,38,38,38,38,38,38,38,38,38,38,38,38,38,38,38,38,38,38,38,38,38,38,38,38,38,38,38,38,38,38,38,38,38,38,38,38,38,38,38,38,38,38,38,38,38,38,38,38,38,38,38,38,38,38,38,38,38,38,38,38,38,38,38,
38,38,38,38,38,38,38,38,38,38,38,38,38,38,38,38,38,38,38,38,38,38,38,38,38,38,38,38,38,38,38,38,38,38,38,38,38,38,38,38,38,38,38,38,38,38,38,38,38,38,38,38,38,38,38,38,38,38,38,38,38,38,38,38,
38,38,38,38,38,38,38,38,38,38,38,38,38,38,38,38,38,38,38,38,38,38,38,38,38,38,38,38,38,38,38,38,38,38,38,38,38,38,38,38,38,38,38,38,38,38,38,38,38,38,38,38,38,38,38,38,38,38,38,38,38,38,38,38,
38,38,38,38,38,38,38,38,38,38,38,38,38,38,38,38,38,38,38,38,38,38,38,38,38,38,38,38,38,38,38,38,38,38,38,38,38,38,38,38,38,38,38,38,38,38,38,38,38,38,38,38,38,38,38,38,38,38,38,38,38,38,38,38,
38,38,38,38,38,38,38,38,38,38,38,38,38,38,38,38,38,38,38,38,38,38,38,38,38,38,38,38,38,38,38,38,38,38,38,38,38,38,38,38,38,38,38,38,38,38,38,38,38,38,38,38,38,38,38,38,38,38,38,38,38,38,38,38,
38,38,38,38,38,38,38,38,38,38,38,38,38,38,38,38,38,38,38,38,38,38,38,38,38,38,38,38,38,38,38,38,38,38,38,38,38,38,38,38,38,38,38,38,38,38,38,38,38,38,38,38,38,38,38,38,38,38,38,38,38,38,38,38,
38,38,38,38,38,38,38,38,38,38,38,38,38,38,38,38,38,38,38,38,38,38,38,38,38,38,38,38,38,38,38,38,38,38,38,38,38,38,38,38,38,38,38,38,38,38,38,38,38,38,38,38,38,38,38,38,38,38,38,38,38,38,38,38,
38,38,38,38,38,38,38,38,38,38,38,38,38,38,38,38,38,38,38,38,38,38,38,38,38,38,38,38,38,38,38,38,38,38,38,38,38,38,38,38,38,38,38,38,38,38,38,38,38,38,38,38,38,38,38,38,38,38,38,38,38,38,38,38,
}
height{
207,207,207,207,207,207,207,207,207,207,207,207,207,207,207,207,207,207,207,207,207,207,207,207,207,207,207,207,207,207,207,207,207,207,207,207,207,207,207,207,207,207,207,207,207,207,207,207,207,207,207,207,207,207,207,207,207,207,207,207,0,0,0,0,0,
207,207,207,207,207,207,207,207,207,207,207,207,207,207,207,207,207,207,207,207,207,207,207,207,207,207,207,207,207,207,207,207,207,207,207,207,207,207,207,207,207,207,207,207,207,207,207,207,207,207,207,207,207,207,207,207,207,207,207,207,0,0,0,0,0,
207,207,207,207,207,207,207,207,207,207,207,207,207,207,207,207,207,207,207,207,207,207,207,207,207,207,207,207,207,207,207,207,207,207,207,207,207,207,207,207,207,207,207,207,207,207,207,207,207,207,207,207,207,207,207,207,207,207,207,207,0,0,0,0,0,
207,207,207,207,207,207,207,207,207,207,207,207,207,207,207,207,207,207,207,207,207,207,207,207,207,207,207,207,207,207,207,207,207,207,207,207,207,207,207,207,207,207,207,207,207,207,207,207,207,207,207,207,207,207,207,207,207,207,207,207,0,0,0,0,0,
207,207,207,207,207,207,207,207,207,207,207,207,207,207,207,207,207,207,207,207,207,207,207,207,207,207,207,207,207,207,207,207,230,207,207,207,207,207,207,207,207,207,207,207,207,207,207,207,207,207,207,207,207,207,207,207,207,207,207,207,0,0,0,0,0,
207,207,207,207,207,115,115,115,115,115,115,115,115,115,115,115,115,115,115,115,207,207,207,207,207,207,207,207,207,207,207,207,207,207,207,207,207,207,207,207,115,115,115,115,115,115,115,115,115,115,115,115,115,115,115,115,207,207,207,207,0,0,0,0,0,
207,207,207,207,207,115,115,115,115,115,115,115,115,115,115,115,115,115,115,115,115,207,207,207,207,207,207,207,207,207,207,207,207,207,207,207,207,207,115,115,115,115,115,115,115,115,115,115,115,115,115,115,115,115,115,115,207,207,207,207,0,0,0,0,0,
207,207,207,207,207,115,115,115,115,115,115,207,207,115,115,115,115,115,115,115,115,207,207,115,115,207,115,115,207,207,207,207,207,207,207,207,207,207,115,115,115,115,115,115,115,115,115,115,115,115,115,115,207,115,115,115,207,207,207,207,0,0,0,0,0,
207,207,207,207,207,115,115,115,115,207,207,207,207,207,207,115,115,115,115,115,115,115,207,115,115,115,115,115,207,207,207,207,207,207,138,138,207,115,115,115,115,115,115,115,115,207,207,115,115,115,115,207,207,207,115,115,207,207,207,207,0,0,0,0,0,
207,207,207,207,207,115,115,115,207,207,207,207,207,207,207,207,207,115,115,115,115,115,115,115,115,115,115,115,207,207,207,207,207,207,115,115,115,115,115,115,115,115,115,115,207,207,207,207,115,115,115,207,115,115,115,115,207,207,207,207,0,0,0,0,0,
207,207,207,207,207,115,115,207,207,207,207,207,207,207,207,207,207,115,115,115,115,115,115,115,115,115,115,115,207,207,207,207,207,207,115,115,115,115,115,115,115,115,115,207,207,207,207,207,115,115,207,115,115,115,115,115,207,207,207,207,0,0,0,0,0,
207,207,207,207,207,115,115,115,207,207,207,207,207,207,207,207,207,207,115,115,115,115,115,115,115,115,115,115,115,207,207,207,207,115,115,115,115,115,115,115,115,115,115,115,207,207,207,207,207,207,207,115,115,115,115,115,207,207,207,207,0,0,0,0,0,
207,207,207,207,207,115,115,115,207,207,207,207,207,207,207,207,207,207,115,115,115,115,115,115,115,115,115,115,115,207,207,115,115,115,115,115,115,115,115,115,115,115,115,115,207,207,207,207,207,207,207,207,207,115,115,115,207,207,207,207,0,0,0,0,0,
207,207,207,207,207,115,115,115,207,207,207,207,207,207,207,207,207,115,115,115,115,115,115,115,115,115,115,115,115,207,115,115,115,115,115,115,115,115,115,115,115,115,115,115,115,207,207,207,207,207,207,207,207,115,115,115,207,207,207,207,0,0,0,0,0,
207,207,207,207,207,115,115,115,115,207,207,207,207,207,207,207,115,115,115,115,115,115,115,115,115,115,115,115,115,115,115,115,115,115,115,115,115,115,115,115,115,115,115,115,161,115,115,115,207,207,207,207,115,115,115,115,207,207,207,207,0,0,0,0,0,
207,207,207,207,207,115,115,115,115,115,207,207,207,207,207,207,115,115,115,115,115,115,115,115,115,115,115,115,115,115,115,115,115,115,115,115,115,115,115,115,115,115,115,115,161,115,115,115,115,207,207,115,115,115,115,115,207,207,207,207,0,0,0,0,0,
207,207,207,207,207,115,115,115,115,161,115,115,207,207,207,115,115,115,115,115,115,207,115,115,115,115,115,115,115,115,115,115,115,115,115,115,115,115,115,115,115,115,115,115,161,115,115,115,115,115,115,115,115,115,115,115,207,207,207,207,0,0,0,0,0,
207,207,207,207,207,115,115,115,115,115,115,115,115,115,115,115,115,115,115,115,207,115,115,115,115,115,115,115,115,115,115,115,115,115,115,115,115,115,115,115,115,115,115,115,161,115,115,115,115,115,115,115,115,115,115,115,207,207,207,207,0,0,0,0,0,
207,207,207,207,207,115,115,115,161,115,115,115,115,115,115,115,115,115,115,207,207,115,115,115,115,115,115,115,115,115,115,115,115,115,115,115,115,115,115,115,115,115,115,115,161,115,115,115,115,115,115,115,115,115,115,207,207,207,207,207,0,0,0,0,0,
207,207,207,207,207,115,115,115,115,115,115,115,115,115,115,115,115,115,115,207,115,115,115,115,115,115,115,115,115,115,115,115,115,115,115,115,115,115,115,115,115,115,115,115,161,115,115,115,115,115,115,115,115,115,115,207,207,207,207,207,0,0,0,0,0,
207,207,207,207,207,115,115,161,115,115,115,115,115,115,115,115,115,115,207,115,115,115,115,115,115,115,115,115,115,115,115,115,115,115,115,115,115,115,115,115,115,115,115,207,161,207,115,115,115,207,115,115,115,115,207,207,207,207,207,207,0,0,0,0,0,
207,207,207,207,207,207,115,115,115,115,115,115,115,115,115,115,207,207,207,115,115,115,115,115,115,115,115,115,115,115,115,115,115,115,115,115,115,115,115,115,115,115,207,207,161,161,161,207,207,207,115,115,115,115,207,207,207,207,207,207,0,0,0,0,0,
207,207,207,207,207,161,161,161,115,115,115,115,115,115,115,115,207,207,115,115,115,115,115,115,115,115,115,115,115,115,115,115,115,115,115,115,115,115,115,115,115,115,115,207,161,161,161,161,161,207,207,115,115,207,207,207,207,207,207,207,0,0,0,0,0,
207,207,207,207,207,161,161,161,207,115,115,115,115,115,115,207,115,115,115,115,115,115,115,115,115,115,115,207,115,115,115,115,115,115,115,115,115,115,115,115,115,115,115,207,207,161,161,161,161,161,161,115,115,207,207,207,207,207,207,207,0,0,0,0,0,
207,207,207,207,207,161,161,161,207,115,115,115,115,115,207,115,115,115,115,115,115,115,115,115,115,115,207,207,207,207,115,115,115,115,115,115,115,115,115,115,115,115,115,115,207,207,161,161,161,161,161,161,207,207,207,207,207,207,207,207,0,0,0,0,0,
207,207,207,207,207,161,161,161,207,207,115,115,115,115,115,115,115,115,115,115,115,115,115,115,207,207,207,207,207,207,207,115,115,115,115,115,115,115,115,115,115,115,115,115,207,207,207,207,161,161,161,161,161,161,161,207,207,207,207,207,0,0,0,0,0,
207,207,207,207,207,207,161,161,207,207,207,115,115,115,115,115,115,115,115,115,115,115,207,207,207,207,207,207,207,207,207,207,115,115,115,115,115,115,115,115,115,115,115,115,115,207,207,207,207,161,161,161,161,161,161,161,207,207,207,207,0,0,0,0,0,
207,207,207,207,207,207,161,161,207,207,115,115,115,115,115,115,115,115,115,115,115,207,207,207,207,207,207,207,207,207,207,207,207,115,115,115,115,115,115,115,115,115,115,115,115,115,115,115,207,207,115,115,207,161,161,161,161,207,207,207,0,0,0,0,0,
207,207,207,207,207,161,161,207,207,207,115,115,115,115,115,115,115,115,115,115,115,115,207,207,207,207,207,207,207,207,207,207,207,207,115,115,115,115,115,115,115,115,115,115,115,115,115,115,115,115,115,115,207,207,161,161,161,207,207,207,0,0,0,0,0,
207,207,207,207,161,161,207,207,207,115,115,115,115,115,115,115,115,115,115,115,115,115,207,207,207,207,207,207,207,207,207,207,207,207,115,115,115,115,115,115,115,115,115,115,115,115,115,115,115,115,115,115,115,115,207,161,161,207,207,207,0,0,0,0,0,
207,207,207,207,161,161,161,207,207,115,115,115,207,115,115,115,115,115,115,115,115,115,207,207,207,207,207,207,207,207,207,207,207,115,115,115,115,115,115,115,115,115,115,115,115,115,115,115,115,115,115,115,115,115,207,161,161,207,207,207,0,0,0,0,0,
207,207,207,207,161,161,161,161,207,115,115,115,207,207,115,115,115,115,115,115,115,115,115,207,207,207,207,207,207,207,207,207,115,115,115,115,115,115,115,115,115,115,115,115,115,115,115,115,115,115,115,115,115,207,161,161,161,207,207,207,0,0,0,0,0,
207,207,207,207,161,161,161,161,161,207,207,207,207,207,207,207,115,115,115,115,115,115,115,115,207,207,207,207,207,207,207,115,115,115,115,115,115,115,115,115,115,115,115,115,115,115,115,115,115,115,115,115,207,207,161,161,161,207,207,207,0,0,0,0,0,
207,207,207,207,207,207,161,161,161,207,207,207,207,207,207,207,115,115,115,115,115,115,115,115,115,207,207,207,207,207,207,115,115,115,115,115,115,115,115,115,115,115,115,115,115,115,115,115,115,115,115,115,115,207,161,161,161,207,207,207,0,0,0,0,0,
207,207,207,207,207,207,161,161,161,161,207,207,207,207,207,115,115,115,115,115,115,115,115,115,115,207,207,207,207,207,115,115,115,115,115,115,115,115,115,115,115,115,115,115,115,115,115,115,115,115,115,115,115,115,207,161,161,207,207,207,0,0,0,0,0,
207,207,207,207,207,207,161,161,161,207,207,207,207,207,115,115,115,115,115,115,115,115,115,115,115,115,207,207,207,115,115,115,115,115,115,115,115,115,115,115,115,115,115,115,115,115,115,115,115,115,115,115,115,115,115,161,161,207,207,207,0,0,0,0,0,
207,207,207,207,207,207,207,161,161,207,207,207,207,115,115,115,115,115,115,115,115,115,115,115,115,115,207,115,115,115,115,115,115,115,115,115,115,115,115,115,115,115,115,115,115,115,115,115,115,115,115,115,115,115,115,161,161,207,207,207,0,0,0,0,0,
207,207,207,207,207,207,207,161,161,161,207,115,115,115,115,115,115,115,115,115,115,115,115,115,115,115,115,115,115,161,161,115,115,115,115,115,115,115,115,115,207,115,115,115,207,115,115,115,115,115,115,115,115,207,161,161,161,207,207,207,0,0,0,0,0,
207,207,207,207,207,207,207,161,161,207,115,115,115,115,115,115,115,115,115,115,115,115,115,115,115,115,115,115,115,161,161,161,115,115,115,115,115,115,115,207,207,207,115,115,115,207,115,115,115,115,115,115,115,207,161,161,161,207,207,207,0,0,0,0,0,
207,207,207,207,207,207,207,207,161,161,115,115,115,115,115,115,115,115,115,115,115,115,115,115,115,115,115,115,115,115,161,161,115,115,115,115,115,115,115,207,207,207,115,115,115,207,207,115,115,115,115,115,115,115,161,161,161,207,207,207,0,0,0,0,0,
207,207,207,207,207,207,207,207,207,115,161,115,115,115,115,115,115,115,115,115,115,115,115,115,115,115,115,115,115,115,161,161,115,115,115,115,115,115,207,207,207,207,207,207,207,207,207,207,115,115,115,115,115,115,115,161,161,207,207,207,0,0,0,0,0,
207,207,207,207,207,207,207,115,115,115,161,115,115,115,115,115,115,115,115,115,115,115,115,115,115,115,115,115,115,115,115,115,115,115,115,115,115,115,207,207,207,207,207,207,207,207,207,207,115,115,115,115,115,115,115,115,207,207,207,207,0,0,0,0,0,
207,207,207,207,207,207,115,115,115,115,161,115,115,115,115,115,115,115,115,115,115,115,115,115,115,115,115,115,115,115,115,115,161,161,115,115,115,115,115,207,207,207,207,207,207,207,207,115,115,115,115,115,115,115,115,115,207,207,207,207,0,0,0,0,0,
207,207,207,207,207,115,115,115,115,115,115,115,115,207,115,115,115,115,115,115,115,115,115,115,115,115,115,115,115,115,115,115,161,161,161,115,115,115,115,115,115,207,207,207,207,207,115,115,115,115,161,161,161,115,115,115,207,207,207,207,0,0,0,0,0,
207,207,207,207,207,115,115,115,115,115,115,115,207,207,207,115,115,115,115,115,115,115,115,115,115,115,115,115,115,115,115,115,115,161,161,115,115,115,115,115,115,115,115,207,207,207,115,115,115,115,115,115,161,161,115,115,207,207,207,207,0,0,0,0,0,
207,207,207,207,207,115,115,115,115,115,207,207,207,207,115,115,115,115,115,115,115,115,115,115,115,115,115,115,115,115,115,115,115,161,161,161,115,115,115,115,115,115,115,115,207,115,115,115,115,115,115,115,115,115,115,115,207,207,207,207,0,0,0,0,0,
207,207,207,207,207,115,115,115,115,207,207,207,115,115,115,115,115,115,115,115,115,115,115,115,115,115,115,115,115,115,115,115,115,115,115,161,207,115,115,115,115,115,115,115,115,115,115,115,115,115,115,115,115,115,115,115,207,207,207,207,0,0,0,0,0,
207,207,207,207,207,115,115,115,207,207,207,115,115,115,115,115,115,207,115,115,115,115,115,115,115,115,115,115,115,115,115,115,115,115,115,161,207,115,115,115,115,115,115,115,115,115,115,115,115,115,115,115,115,115,161,207,207,207,207,207,0,0,0,0,0,
207,207,207,207,207,115,115,115,115,207,207,115,115,115,115,207,207,207,207,115,115,115,115,115,115,115,115,115,115,115,115,207,115,115,115,161,207,115,115,115,115,115,115,115,115,115,115,115,115,115,115,115,115,115,161,207,207,207,207,207,0,0,0,0,0,
207,207,207,207,207,115,115,115,115,207,115,115,115,115,207,207,207,207,207,115,115,115,115,115,115,115,115,115,115,115,115,207,207,115,115,161,161,207,207,115,115,115,115,115,115,115,115,207,115,115,115,115,115,115,161,161,161,207,207,207,0,0,0,0,0,
207,207,207,207,207,115,115,115,115,115,115,115,115,115,207,207,207,207,115,115,115,115,115,115,115,115,115,115,207,207,207,207,207,115,115,161,161,207,207,207,115,115,115,115,115,207,207,207,207,115,115,115,115,115,207,161,161,207,207,207,0,0,0,0,0,
207,207,207,207,207,207,115,115,115,115,115,115,115,207,207,207,207,115,115,115,115,115,115,161,115,115,161,161,161,207,207,207,207,207,161,161,161,161,161,207,115,115,207,207,207,207,207,207,207,207,207,115,115,115,207,161,161,207,207,207,0,0,0,0,0,
207,207,207,207,207,207,115,115,115,115,115,115,207,207,207,207,207,115,115,115,161,115,115,115,115,207,207,161,161,161,161,207,161,161,161,161,161,161,161,207,207,207,207,207,161,161,161,161,161,207,207,207,115,115,207,161,161,207,207,207,0,0,0,0,0,
207,207,207,207,207,207,207,115,115,115,115,115,115,207,207,207,115,115,115,115,115,115,115,115,115,207,207,207,161,161,161,207,161,161,161,207,207,161,161,161,207,207,207,161,161,161,161,161,161,161,207,207,161,161,161,161,207,207,207,207,0,0,0,0,0,
207,207,207,207,207,207,207,207,115,115,115,115,115,115,207,115,115,115,115,115,207,115,115,115,115,207,207,207,207,161,161,161,161,207,207,207,207,207,161,161,161,161,161,161,161,161,207,207,207,161,161,161,161,161,207,207,207,207,207,207,0,0,0,0,0,
207,207,207,207,207,207,207,207,207,207,115,115,115,115,115,115,115,115,115,207,207,115,115,207,207,207,207,207,207,161,161,161,207,207,207,207,207,207,207,207,207,207,207,207,207,207,207,207,207,207,207,207,207,207,207,207,207,207,207,207,0,0,0,0,0,
207,207,207,207,207,207,207,207,207,207,207,207,207,207,207,207,207,207,207,207,207,207,207,207,207,207,207,207,207,207,207,207,207,207,207,207,207,207,207,207,207,207,207,207,207,207,207,207,207,207,207,207,207,207,207,207,207,207,207,207,0,0,0,0,0,
207,207,207,207,207,207,207,207,207,207,207,207,207,207,207,207,207,207,207,207,207,207,207,207,207,207,207,207,207,207,207,207,207,207,207,207,207,207,207,207,207,207,207,207,207,207,207,207,207,207,207,207,207,207,207,207,207,207,207,207,0,0,0,0,0,
207,207,207,207,207,207,207,207,207,207,207,207,207,207,207,207,207,207,207,207,207,207,207,207,207,207,207,207,207,207,207,207,207,207,207,207,207,207,207,207,207,207,207,207,207,207,207,207,207,207,207,207,207,207,207,207,207,207,207,207,0,0,0,0,0,
207,207,207,207,207,207,207,207,207,207,207,207,207,207,207,207,207,207,207,207,207,207,207,207,207,207,207,207,207,207,207,207,207,207,207,207,207,207,207,207,207,207,207,207,207,207,207,207,207,207,207,207,207,207,207,207,207,207,207,207,0,0,0,0,0,
0,0,0,0,0,0,0,0,0,0,0,0,0,0,0,0,0,0,0,0,0,0,0,0,0,0,0,0,0,0,0,0,0,0,0,0,0,0,0,0,0,0,0,0,0,0,0,0,0,0,0,0,0,0,0,0,0,0,0,0,0,0,0,0,0,
0,0,0,0,0,0,0,0,0,0,0,0,0,0,0,0,0,0,0,0,0,0,0,0,0,0,0,0,0,0,0,0,0,0,0,0,0,0,0,0,0,0,0,0,0,0,0,0,0,0,0,0,0,0,0,0,0,0,0,0,0,0,0,0,0,
0,0,0,0,0,0,0,0,0,0,0,0,0,0,0,0,0,0,0,0,0,0,0,0,0,0,0,0,0,0,0,0,0,0,0,0,0,0,0,0,0,0,0,0,0,0,0,0,0,0,0,0,0,0,0,0,0,0,0,0,0,0,0,0,0,
0,0,0,0,0,0,0,0,0,0,0,0,0,0,0,0,0,0,0,0,0,0,0,0,0,0,0,0,0,0,0,0,0,0,0,0,0,0,0,0,0,0,0,0,0,0,0,0,0,0,0,0,0,0,0,0,0,0,0,0,0,0,0,0,0,
0,0,0,0,0,0,0,0,0,0,0,0,0,0,0,0,0,0,0,0,0,0,0,0,0,0,0,0,0,0,0,0,0,0,0,0,0,0,0,0,0,0,0,0,0,0,0,0,0,0,0,0,0,0,0,0,0,0,0,0,0,0,0,0,0,
}
resources{
crystals:
0,0,0,0,0,0,0,0,0,0,0,0,0,0,0,0,0,0,0,0,0,0,0,0,0,0,0,0,0,0,0,0,0,0,0,0,0,0,0,0,0,0,0,0,0,0,0,0,0,0,0,0,0,0,0,0,0,0,0,0,0,0,0,0,
0,0,0,0,0,0,0,0,0,0,0,0,0,0,0,0,0,0,0,0,0,0,0,0,0,0,0,0,0,0,0,0,0,0,0,0,0,0,0,0,0,0,0,0,0,0,0,0,0,0,0,0,0,0,0,0,0,0,0,0,0,0,0,0,
0,0,0,0,0,0,0,0,0,0,0,0,0,0,0,0,0,0,0,0,0,0,0,0,0,0,0,0,0,0,0,0,0,0,0,0,0,0,0,0,0,0,0,0,0,0,0,0,0,0,0,0,0,0,0,0,0,0,0,0,0,0,0,0,
0,0,0,0,0,0,0,0,0,0,0,0,0,0,0,0,0,0,0,0,0,0,0,0,0,0,0,0,0,0,0,0,0,0,0,0,0,0,0,0,0,0,0,0,0,0,0,0,0,0,0,0,0,0,0,0,0,0,0,0,0,0,0,0,
0,0,0,0,0,0,0,0,0,0,0,0,0,0,0,0,0,0,0,0,0,0,0,0,0,0,0,0,0,0,0,0,0,0,0,0,0,0,0,0,0,0,0,0,0,0,0,0,0,0,0,0,0,0,0,0,0,0,0,0,0,0,0,0,
0,0,0,0,0,0,0,0,0,0,0,0,0,0,0,0,0,0,0,0,0,0,0,0,0,0,0,0,0,0,0,0,0,0,0,0,0,0,0,0,0,0,0,0,0,0,0,0,0,0,0,0,0,0,0,0,0,0,0,0,0,0,0,0,
0,0,0,0,0,0,0,0,0,0,0,5,0,0,0,0,0,0,0,0,0,0,0,0,0,0,0,0,0,0,0,0,0,0,0,0,0,0,0,0,0,0,0,0,0,0,0,0,0,0,0,0,0,12,0,0,0,0,0,0,0,0,0,0,
0,0,0,0,0,0,0,0,0,0,1,0,0,1,0,0,0,0,0,0,0,0,0,0,0,0,0,0,0,0,0,0,0,0,0,0,0,0,0,0,0,0,0,0,0,0,0,0,0,0,0,0,0,0,0,0,0,0,0,0,0,0,0,0,
0,0,0,0,0,0,0,5,1,0,0,1,0,0,0,1,0,0,0,0,0,0,0,0,0,0,0,0,0,0,0,0,0,0,0,0,0,0,0,0,0,0,0,0,0,0,0,0,0,0,0,0,0,0,0,0,0,0,0,0,0,0,0,0,
0,0,0,0,0,0,0,0,0,0,0,0,0,0,0,0,0,0,0,0,0,0,0,0,0,0,0,0,0,0,0,0,0,0,0,0,0,0,0,0,0,0,0,5,0,0,0,0,0,0,0,0,0,0,0,0,0,0,0,0,0,0,0,0,
0,0,0,0,0,0,1,0,0,0,0,0,0,0,0,0,0,0,0,0,0,0,0,0,0,0,0,0,0,0,0,0,0,0,0,0,0,0,0,0,0,0,0,0,0,0,0,0,0,0,0,0,0,0,0,0,0,0,0,0,0,0,0,0,
0,0,0,0,0,0,0,1,0,0,0,0,0,0,0,0,0,0,0,0,0,0,0,0,0,0,0,0,0,0,0,0,0,0,0,0,0,0,0,0,0,0,0,0,0,0,1,0,0,0,0,0,0,0,0,0,0,0,0,0,0,0,0,0,
0,0,0,0,0,0,0,0,0,0,0,0,0,0,0,0,0,0,0,0,0,0,0,0,0,0,0,0,0,0,0,0,0,0,0,0,0,0,0,0,0,0,0,0,0,5,0,0,0,0,0,0,0,0,0,0,0,0,0,0,0,0,0,0,
0,0,0,0,0,0,0,0,0,0,0,0,0,0,0,0,0,0,0,0,0,0,0,0,0,0,0,0,0,0,0,0,0,0,0,0,0,0,0,0,0,0,0,0,0,0,0,0,0,1,0,0,0,0,0,0,0,0,0,0,0,0,0,0,
0,0,0,0,0,0,0,0,0,0,0,0,0,0,0,0,0,0,0,0,0,0,0,0,0,0,0,0,0,0,0,0,0,0,0,0,0,0,0,0,0,0,0,0,0,0,0,0,0,0,0,0,0,0,0,0,0,0,0,0,0,0,0,0,
0,0,0,0,0,0,0,0,0,0,0,0,0,0,0,0,0,0,0,0,0,0,0,0,0,0,0,0,0,0,0,0,0,0,0,0,0,0,0,0,0,0,0,0,0,0,0,0,0,0,0,0,0,0,0,0,0,0,0,0,0,0,0,0,
0,0,0,0,0,0,0,0,0,0,0,0,0,0,0,0,0,0,0,0,0,0,0,0,0,0,0,0,0,0,0,0,0,0,0,0,0,0,0,0,0,0,0,0,0,0,0,0,0,0,0,0,0,0,0,0,0,0,0,0,0,0,0,0,
0,0,0,0,0,0,0,0,0,0,0,0,0,0,0,0,0,0,0,0,0,0,0,0,0,0,0,0,0,0,0,0,0,0,0,0,0,0,0,0,0,0,0,0,0,0,0,0,0,0,0,0,0,0,0,0,0,0,0,0,0,0,0,0,
0,0,0,0,0,0,0,0,0,0,0,0,0,0,0,0,0,0,0,0,0,0,0,0,0,0,0,0,0,0,0,0,0,0,0,0,0,0,0,0,0,0,0,0,0,0,0,0,0,0,0,0,0,0,0,0,0,0,0,0,0,0,0,0,
0,0,0,0,0,0,0,0,0,0,0,0,0,0,0,0,0,0,0,0,0,0,0,0,0,0,0,0,0,0,0,0,0,0,0,0,0,0,0,0,0,0,0,0,0,0,0,0,0,0,0,0,0,0,0,0,0,0,0,0,0,0,0,0,
0,0,0,0,0,0,0,0,0,0,0,0,0,0,0,0,0,0,0,0,0,0,0,0,0,0,0,0,0,0,0,0,0,0,0,0,0,0,0,0,0,0,0,0,0,0,0,0,0,0,0,0,0,0,0,0,0,0,0,0,0,0,0,0,
0,0,0,0,0,0,0,0,0,0,0,0,0,0,0,0,0,0,0,0,0,0,0,0,0,0,0,0,0,0,0,0,0,0,0,0,0,0,0,0,0,0,0,0,0,0,0,0,0,0,0,0,0,0,0,0,0,0,0,0,0,0,0,0,
0,0,0,0,0,0,0,0,0,0,0,0,0,0,0,0,0,0,0,0,0,0,0,0,0,0,0,0,0,0,0,0,0,0,0,0,0,0,0,0,0,0,0,0,0,0,0,0,0,0,0,0,0,0,0,0,0,0,0,0,0,0,0,0,
0,0,0,0,0,0,0,0,0,0,0,0,0,0,0,0,0,0,0,0,0,0,0,0,0,0,0,0,0,0,0,0,0,0,0,0,0,0,0,0,0,0,0,0,0,0,0,0,0,0,0,0,0,0,0,0,0,0,0,0,0,0,0,0,
0,0,0,0,0,0,0,0,0,0,0,0,0,0,0,0,0,0,0,0,0,0,0,0,0,0,1,0,0,0,0,0,0,0,0,0,0,0,0,0,0,0,0,0,0,0,0,0,0,0,0,0,0,0,0,0,0,0,0,0,0,0,0,0,
0,0,0,0,0,0,0,0,0,0,0,0,0,0,0,0,0,0,0,0,0,0,0,0,0,0,0,0,1,0,0,0,0,0,0,0,0,0,0,0,0,0,0,0,0,0,0,0,0,0,0,0,0,0,0,0,0,0,0,0,0,0,0,0,
0,0,0,0,0,0,0,0,0,0,0,0,0,0,0,0,0,0,0,0,0,0,0,0,0,1,5,0,0,0,1,0,0,0,0,0,0,0,0,0,0,0,0,0,0,0,0,0,0,0,0,0,0,0,0,0,0,0,0,0,0,0,0,0,
0,0,0,0,0,0,0,0,0,0,0,0,0,0,0,0,0,0,0,0,0,0,0,1,0,1,0,0,5,0,0,0,0,0,0,0,0,0,0,0,0,0,0,0,0,0,0,0,0,0,0,0,0,0,0,0,0,0,0,0,0,0,0,0,
0,0,0,0,0,0,0,0,0,0,0,0,0,0,0,0,0,0,0,0,0,0,0,0,0,0,0,0,0,0,0,0,0,0,0,0,0,0,0,0,0,0,0,0,0,0,0,0,0,0,0,0,0,0,0,0,0,0,0,0,0,0,0,0,
0,0,0,0,0,0,0,0,0,0,0,0,0,0,0,0,0,0,0,0,0,0,0,0,1,0,5,0,0,0,1,0,0,0,0,0,0,0,0,0,0,0,0,0,0,0,0,0,0,0,0,0,0,0,0,0,0,0,0,0,0,0,0,0,
0,0,0,0,0,0,0,0,0,0,0,0,0,0,0,0,0,0,0,0,0,0,0,0,0,0,0,0,0,1,0,0,0,0,0,0,0,0,0,0,0,0,0,0,0,0,0,0,0,0,0,0,0,0,0,0,0,0,0,0,0,0,0,0,
0,0,0,0,0,0,0,0,0,0,0,0,0,0,0,0,0,0,0,0,0,0,0,0,0,0,0,1,0,1,0,0,0,0,0,0,0,0,0,0,0,0,0,0,0,0,0,0,0,0,0,0,0,0,0,0,0,0,0,0,0,0,0,0,
0,0,0,0,0,0,0,0,0,0,0,0,0,0,0,0,0,0,0,0,0,0,0,0,0,0,1,1,0,0,0,0,0,0,0,0,0,0,0,0,0,0,0,0,0,0,0,0,0,0,0,0,0,0,0,0,0,0,0,0,0,0,0,0,
0,0,0,0,0,0,0,0,0,0,0,0,0,0,0,0,0,0,0,0,0,0,0,0,0,0,0,0,0,0,0,0,0,0,0,0,0,0,0,0,0,0,0,0,0,0,0,0,0,0,0,0,0,0,0,0,0,0,0,0,0,0,0,0,
0,0,0,0,0,0,0,0,0,0,0,0,0,0,0,0,0,0,0,0,0,0,0,0,0,0,0,0,0,0,0,0,0,0,0,0,0,0,0,0,0,0,0,0,0,0,0,0,0,0,0,0,0,0,0,0,0,0,0,0,0,0,0,0,
0,0,0,0,0,0,0,0,0,0,0,0,0,0,0,0,0,0,0,0,0,0,0,0,0,0,0,0,0,0,0,0,0,0,0,0,0,0,0,0,0,0,0,0,0,0,0,0,0,0,0,0,0,0,0,0,0,0,0,0,0,0,0,0,
0,0,0,0,0,0,0,0,0,0,0,0,0,0,0,0,0,0,0,0,0,0,0,0,0,0,0,0,0,0,0,0,0,0,0,0,0,0,0,0,0,0,0,0,0,0,0,0,0,0,0,0,0,0,0,0,0,0,0,0,0,0,0,0,
0,0,0,0,0,0,0,0,0,0,0,0,0,0,0,0,0,0,0,0,0,0,0,0,0,0,0,0,0,0,0,0,0,0,0,0,0,0,0,0,0,0,0,0,0,0,0,0,0,0,0,0,0,0,0,0,0,0,0,0,0,0,0,0,
0,0,0,0,0,0,0,0,0,0,0,0,0,0,0,0,0,0,0,0,0,0,0,0,0,0,0,0,0,0,0,0,0,0,0,0,0,0,0,0,0,0,0,0,0,1,0,0,0,0,0,0,0,0,0,0,0,0,0,0,0,0,0,0,
0,0,0,0,0,0,0,0,0,0,0,0,0,0,0,0,0,0,0,0,0,0,0,0,0,0,0,0,0,0,0,0,0,0,0,0,0,0,0,0,0,0,0,0,0,0,0,0,0,0,0,0,0,0,0,0,0,0,0,0,0,0,0,0,
0,0,0,0,0,0,0,0,0,0,0,0,0,0,0,0,0,0,0,0,0,0,0,0,0,0,0,0,0,0,0,0,0,0,0,0,0,0,0,0,0,0,0,0,0,5,0,0,0,0,0,0,0,0,0,0,0,0,0,0,0,0,0,0,
0,0,0,0,0,0,0,0,0,0,0,0,0,0,0,0,0,0,0,0,0,0,0,0,0,0,0,0,0,0,0,0,0,0,0,0,0,0,0,0,0,0,0,0,0,0,0,0,0,0,0,0,0,0,0,0,0,0,0,0,0,0,0,0,
0,0,0,0,0,0,0,0,0,0,0,0,0,0,0,0,0,0,0,0,0,0,0,0,0,0,0,0,0,0,0,0,0,0,0,0,0,0,0,0,0,0,5,0,0,0,0,0,0,0,0,0,0,0,0,0,0,0,0,0,0,0,0,0,
0,0,0,0,0,0,0,0,0,0,0,0,0,0,0,0,0,0,0,0,0,0,0,0,0,0,0,0,0,0,0,0,0,0,0,0,0,0,0,0,0,0,0,0,5,0,0,0,0,0,0,0,0,0,0,0,0,0,0,0,0,0,0,0,
0,0,0,0,0,0,0,0,0,0,0,0,0,0,0,0,0,0,0,0,0,0,0,0,0,0,0,0,0,0,0,0,0,0,0,0,0,0,0,0,0,0,0,5,0,0,0,0,0,0,0,0,0,0,0,0,0,0,0,0,0,0,0,0,
0,0,0,0,0,0,0,0,0,0,0,0,0,0,0,0,0,0,0,0,0,0,0,0,0,0,0,0,0,0,0,0,0,0,0,0,0,0,0,0,0,0,0,0,0,0,0,0,0,0,0,0,0,0,0,0,0,0,0,0,0,0,0,0,
0,0,0,0,0,0,0,0,0,0,0,0,0,0,0,0,0,0,0,0,0,0,0,0,0,0,0,0,0,0,0,0,0,0,0,0,0,0,0,0,0,0,0,0,0,0,0,0,0,0,0,0,0,0,0,0,0,0,0,0,0,0,0,0,
0,0,0,0,0,0,0,0,0,0,0,0,0,0,0,0,0,0,0,0,0,0,0,0,0,0,0,0,0,0,0,0,0,0,0,0,0,0,0,0,0,0,0,0,0,0,0,0,0,0,0,0,0,0,0,0,0,0,0,0,0,0,0,0,
0,0,0,0,0,0,0,0,0,0,0,0,0,0,0,0,0,0,0,0,0,0,0,0,0,0,0,0,0,0,0,0,0,0,0,0,0,0,0,0,0,0,0,0,0,0,0,0,0,0,0,0,0,0,0,0,0,0,0,0,0,0,0,0,
0,0,0,0,0,0,0,0,0,0,0,0,0,0,0,0,0,0,0,0,0,0,0,0,0,0,0,0,0,0,0,0,0,0,0,0,0,0,0,0,0,0,0,0,0,0,0,0,0,0,0,0,0,0,0,0,0,0,0,0,0,0,0,0,
0,0,0,0,0,0,0,0,0,0,0,0,0,0,0,0,0,0,0,0,0,0,0,0,0,0,0,0,0,0,0,0,0,0,0,0,0,0,0,0,0,0,0,0,0,0,0,0,0,0,0,0,0,0,0,0,0,0,0,0,0,0,0,0,
0,0,0,0,0,0,0,0,0,0,0,0,0,0,0,0,0,0,0,0,0,0,0,0,0,0,0,0,0,0,0,0,0,0,0,0,0,0,0,0,0,0,0,0,0,0,0,0,0,0,0,0,0,0,0,0,0,0,0,0,0,0,0,0,
0,0,0,0,0,0,0,0,0,0,0,0,1,0,1,0,0,0,0,0,0,0,0,0,0,0,0,0,0,0,0,0,0,0,0,0,0,0,0,0,0,0,0,0,0,0,0,0,0,0,0,0,0,0,0,0,0,0,0,0,0,0,0,0,
0,0,0,0,0,0,0,0,0,0,0,0,0,0,5,0,0,0,0,0,0,0,0,0,0,0,0,0,0,0,0,0,0,0,0,0,0,0,0,0,0,0,0,0,0,0,0,0,0,0,0,0,0,0,0,0,0,0,0,0,0,0,0,0,
0,0,0,0,0,0,0,0,0,0,0,0,0,0,0,0,0,0,0,0,0,0,0,0,0,0,0,0,0,0,0,0,0,0,0,0,0,0,0,0,0,0,0,0,0,0,0,0,0,0,0,0,0,0,0,0,0,0,0,0,0,0,0,0,
0,0,0,0,0,0,0,0,0,0,0,0,0,0,0,0,0,0,0,0,0,0,0,0,0,0,0,0,0,0,0,0,0,0,0,0,0,0,0,0,0,0,0,0,0,0,0,0,0,0,0,0,0,0,0,0,0,0,0,0,0,0,0,0,
0,0,0,0,0,0,0,0,0,0,0,0,0,0,0,0,0,0,0,0,0,0,0,0,0,0,0,0,0,0,0,0,0,0,0,0,0,0,0,0,0,0,0,0,0,0,0,0,0,0,0,0,0,0,0,0,0,0,0,0,0,0,0,0,
0,0,0,0,0,0,0,0,0,0,0,0,0,0,0,0,0,0,0,0,0,0,0,0,0,0,0,0,0,0,0,0,0,0,0,0,0,0,0,0,0,0,0,0,0,0,0,0,0,0,0,0,0,0,0,0,0,0,0,0,0,0,0,0,
0,0,0,0,0,0,0,0,0,0,0,0,0,0,0,0,0,0,0,0,0,0,0,0,0,0,0,0,0,0,0,0,0,0,0,0,0,0,0,0,0,0,0,0,0,0,0,0,0,0,0,0,0,0,0,0,0,0,0,0,0,0,0,0,
0,0,0,0,0,0,0,0,0,0,0,0,0,0,0,0,0,0,0,0,0,0,0,0,0,0,0,0,0,0,0,0,0,0,0,0,0,0,0,0,0,0,0,0,0,0,0,0,0,0,0,0,0,0,0,0,0,0,0,0,0,0,0,0,
0,0,0,0,0,0,0,0,0,0,0,0,0,0,0,0,0,0,0,0,0,0,0,0,0,0,0,0,0,0,0,0,0,0,0,0,0,0,0,0,0,0,0,0,0,0,0,0,0,0,0,0,0,0,0,0,0,0,0,0,0,0,0,0,
0,0,0,0,0,0,0,0,0,0,0,0,0,0,0,0,0,0,0,0,0,0,0,0,0,0,0,0,0,0,0,0,0,0,0,0,0,0,0,0,0,0,0,0,0,0,0,0,0,0,0,0,0,0,0,0,0,0,0,0,0,0,0,0,
0,0,0,0,0,0,0,0,0,0,0,0,0,0,0,0,0,0,0,0,0,0,0,0,0,0,0,0,0,0,0,0,0,0,0,0,0,0,0,0,0,0,0,0,0,0,0,0,0,0,0,0,0,0,0,0,0,0,0,0,0,0,0,0,
0,0,0,0,0,0,0,0,0,0,0,0,0,0,0,0,0,0,0,0,0,0,0,0,0,0,0,0,0,0,0,0,0,0,0,0,0,0,0,0,0,0,0,0,0,0,0,0,0,0,0,0,0,0,0,0,0,0,0,0,0,0,0,0,
ore:
0,0,0,0,0,0,0,0,0,0,0,0,0,0,0,0,0,0,0,0,0,0,0,0,0,0,0,0,0,0,0,0,0,0,0,0,0,0,0,0,0,0,0,0,0,0,0,0,0,0,0,0,0,0,0,0,0,0,0,0,0,0,0,0,
0,0,0,0,0,0,0,0,0,0,0,0,0,0,0,0,0,0,0,0,0,0,0,0,0,0,0,0,0,0,0,0,0,0,0,0,0,0,0,0,0,0,0,0,0,0,0,0,0,0,0,0,0,0,0,0,0,0,0,0,0,0,0,0,
0,0,0,0,0,0,0,0,0,0,0,0,0,0,0,0,0,0,0,0,0,0,0,0,0,0,0,0,0,0,0,0,0,0,0,0,0,0,0,0,0,0,0,0,0,0,0,0,0,0,0,0,0,0,0,0,0,0,0,0,0,0,0,0,
0,0,0,0,0,0,0,0,0,0,0,0,0,0,0,0,0,0,0,0,0,0,0,0,0,0,0,0,0,0,0,0,0,0,0,0,0,0,0,0,0,0,0,0,0,0,0,0,0,0,0,0,0,0,0,0,0,0,0,0,0,0,0,0,
0,0,0,0,0,0,0,0,0,0,0,0,0,0,0,0,0,0,0,0,0,0,0,0,0,0,0,0,0,0,0,0,0,0,0,0,0,0,0,0,0,0,0,0,0,0,0,0,0,0,0,0,0,0,0,0,0,0,0,0,0,0,0,0,
0,0,0,0,0,0,0,0,0,0,0,0,0,0,0,0,0,0,0,0,0,0,0,0,0,0,0,0,0,0,0,0,0,0,0,0,0,0,0,0,0,0,0,0,0,0,0,0,0,0,0,0,0,0,0,0,0,0,0,0,0,0,0,0,
0,0,0,0,0,0,0,0,0,0,0,0,0,0,0,0,0,0,0,0,0,0,0,0,0,0,0,0,0,0,0,0,0,0,0,0,0,0,0,0,0,0,0,0,0,0,0,0,0,0,0,0,0,0,0,0,0,0,0,0,0,0,0,0,
0,0,0,0,0,0,0,0,0,0,0,0,0,0,0,0,0,0,0,0,0,0,0,0,0,0,0,0,0,0,0,0,0,0,0,0,0,0,0,0,0,0,0,0,0,0,0,0,0,0,0,0,0,0,0,0,0,0,0,0,0,0,0,0,
0,0,0,0,0,0,0,0,0,0,0,0,0,0,0,0,0,0,0,0,0,0,0,0,0,0,0,0,0,0,0,0,0,0,0,0,0,0,0,0,0,0,0,0,0,0,0,0,0,0,0,0,0,0,0,0,0,0,0,0,0,0,0,0,
0,0,0,0,0,0,0,0,0,0,0,0,0,0,0,0,0,0,0,0,0,0,0,0,0,0,0,0,0,0,0,0,0,0,0,0,0,0,0,0,0,0,0,0,0,0,0,0,0,0,0,0,0,0,0,0,0,0,0,0,0,0,0,0,
0,0,0,0,0,0,0,0,0,0,0,0,0,0,0,0,0,0,0,0,0,0,0,0,0,0,0,0,0,0,0,0,0,0,0,0,0,0,0,0,0,0,0,0,0,0,0,0,0,0,0,0,0,0,0,0,0,0,0,0,0,0,0,0,
0,0,0,0,0,0,0,0,0,0,0,0,0,0,0,0,0,0,0,0,0,0,0,0,0,0,0,0,0,0,0,0,0,0,0,0,0,0,0,0,0,0,0,0,0,0,0,0,0,0,0,0,0,0,0,0,0,0,0,0,0,0,0,0,
0,0,0,0,0,0,0,0,0,0,0,0,0,0,0,0,0,0,0,0,0,0,0,0,0,0,0,0,0,0,0,0,0,0,0,0,0,0,0,0,0,0,0,0,0,0,0,0,0,0,0,0,0,0,0,0,0,0,0,0,0,0,0,0,
0,0,0,0,0,0,0,0,0,0,0,0,0,0,0,0,0,0,0,0,0,0,0,0,0,0,0,0,0,0,0,0,0,0,0,0,0,0,0,0,0,0,0,0,0,0,0,0,0,0,0,0,0,0,0,0,0,0,0,0,0,0,0,0,
0,0,0,0,0,0,0,0,0,0,0,0,0,0,0,0,0,0,0,0,0,0,0,0,0,0,0,0,0,0,0,0,0,0,0,0,0,0,0,0,0,0,0,0,0,0,0,0,0,0,0,0,0,0,0,0,0,0,0,0,0,0,0,0,
0,0,0,0,0,0,0,0,0,0,0,0,0,0,0,0,0,0,0,0,0,0,0,0,0,0,0,0,0,0,0,0,0,0,0,0,0,0,0,0,0,0,0,0,0,0,0,0,0,0,0,0,0,0,0,0,0,0,0,0,0,0,0,0,
0,0,0,0,0,0,0,0,0,0,0,0,0,0,0,0,0,0,0,0,0,0,0,0,0,0,0,0,0,0,0,0,0,0,0,0,0,0,0,0,0,0,0,0,0,0,0,0,0,0,0,0,0,0,0,0,0,0,0,0,0,0,0,0,
0,0,0,0,0,0,0,0,0,0,0,0,0,0,0,0,0,0,0,0,0,0,0,0,0,0,0,0,0,0,0,0,0,0,0,0,0,0,0,0,0,0,0,0,0,0,0,0,0,0,0,0,0,0,0,0,0,0,0,0,0,0,0,0,
0,0,0,0,0,0,0,0,0,0,0,0,0,0,0,0,0,0,0,0,0,0,0,0,0,0,0,0,0,0,0,0,0,0,0,0,0,0,0,0,0,0,0,0,0,0,0,0,0,0,0,0,0,0,0,0,0,0,0,0,0,0,0,0,
0,0,0,0,0,0,0,0,0,0,0,0,0,0,0,0,0,0,0,0,0,0,0,0,0,0,0,0,0,0,0,0,0,0,0,0,0,0,0,0,0,0,0,0,0,0,0,0,0,0,0,0,0,0,0,0,0,0,0,0,0,0,0,0,
0,0,0,0,0,0,0,0,0,0,0,0,0,0,0,0,0,0,0,0,0,0,0,0,0,0,0,0,0,0,0,0,0,0,0,0,0,0,0,0,0,0,0,0,0,0,0,0,0,0,0,0,0,0,0,0,0,0,0,0,0,0,0,0,
0,0,0,0,0,0,0,0,0,0,0,0,0,0,0,0,0,0,0,0,0,0,0,0,0,0,0,0,0,0,0,0,0,0,0,0,0,0,0,0,0,0,0,0,0,0,0,0,0,0,0,0,0,0,0,0,0,0,0,0,0,0,0,0,
0,0,0,0,0,0,0,0,0,0,0,0,0,0,0,0,0,0,0,0,0,0,0,0,0,0,0,0,0,0,0,0,0,0,0,0,0,0,0,0,0,0,0,0,0,0,0,0,0,0,0,0,0,0,0,0,0,0,0,0,0,0,0,0,
0,0,0,0,0,0,0,0,0,0,0,0,0,0,0,0,0,0,0,0,0,0,0,0,0,0,0,0,0,0,0,0,0,0,0,0,0,0,0,0,0,0,0,0,0,0,0,0,0,0,0,0,0,0,0,0,0,0,0,0,0,0,0,0,
0,0,0,0,0,0,0,0,0,0,0,0,0,0,0,0,0,0,0,0,0,0,0,0,0,0,0,0,0,0,0,0,0,0,0,0,0,0,0,0,0,0,0,0,0,0,0,0,0,0,0,0,0,0,0,0,0,0,0,0,0,0,0,0,
0,0,0,0,0,0,0,0,0,0,0,0,0,0,0,0,0,0,0,0,0,0,0,0,0,0,0,0,0,0,0,0,0,0,0,0,0,0,0,0,0,0,0,0,0,0,0,0,0,0,0,0,0,0,0,0,0,0,0,0,0,0,0,0,
0,0,0,0,0,0,0,0,0,0,0,0,0,0,0,0,0,0,0,0,0,0,0,0,0,0,0,0,0,0,0,0,0,0,0,0,0,0,0,0,0,0,0,0,0,0,0,0,0,0,0,0,0,0,0,0,0,0,0,0,0,0,0,0,
0,0,0,0,0,0,0,0,0,0,0,0,0,0,0,0,0,0,0,0,0,0,0,0,0,0,0,0,0,0,0,0,0,0,0,0,0,0,0,0,0,0,0,0,0,0,0,0,0,0,0,0,0,0,0,0,0,0,0,0,0,0,0,0,
0,0,0,0,0,0,0,0,0,0,0,0,0,0,0,0,0,0,0,0,0,0,0,0,0,0,0,0,0,0,0,0,0,0,0,0,0,0,0,0,0,0,0,0,0,0,0,0,0,0,0,0,0,0,0,0,0,0,0,0,0,0,0,0,
0,0,0,0,0,0,0,0,0,0,0,0,0,0,0,0,0,0,0,0,0,0,0,0,0,0,0,0,0,0,0,0,0,0,0,0,0,0,0,0,0,0,0,0,0,0,0,0,0,0,0,0,0,0,0,0,0,0,0,0,0,0,0,0,
0,0,0,0,0,0,0,0,0,0,0,0,0,0,0,0,0,0,0,0,0,0,0,0,0,0,0,0,0,0,0,0,0,0,0,0,0,0,0,0,0,0,0,0,0,0,0,0,0,0,0,0,0,0,0,0,0,0,0,0,0,0,0,0,
0,0,0,0,0,0,0,0,0,0,0,0,0,0,0,0,0,0,0,0,0,0,0,0,0,0,0,0,0,0,0,0,0,0,0,0,0,0,0,0,0,0,0,0,0,0,0,0,0,0,0,0,0,0,0,0,0,0,0,0,0,0,0,0,
0,0,0,0,0,0,0,0,0,0,0,0,0,0,0,0,0,0,0,0,0,0,0,0,0,0,0,0,0,0,0,0,0,0,0,0,0,0,0,0,0,0,0,0,0,0,0,0,0,0,0,0,0,0,0,0,0,0,0,0,0,0,0,0,
0,0,0,0,0,0,0,0,0,0,0,0,0,0,0,0,0,0,0,0,0,0,0,0,0,0,0,0,0,0,0,0,0,0,0,0,0,0,0,0,0,0,0,0,0,0,0,0,0,0,0,0,0,0,0,0,0,0,0,0,0,0,0,0,
0,0,0,0,0,0,0,0,0,0,0,0,0,0,0,0,0,0,0,0,0,0,0,0,0,0,0,0,0,0,0,0,0,0,0,0,0,0,0,0,0,0,0,0,0,0,0,0,0,0,0,0,0,0,0,0,0,0,0,0,0,0,0,0,
0,0,0,0,0,0,0,0,0,0,0,0,0,0,0,0,0,0,0,0,0,0,0,0,0,0,0,0,0,0,0,0,0,0,0,0,0,0,0,0,0,0,0,0,0,0,0,0,0,0,0,0,0,0,0,0,0,0,0,0,0,0,0,0,
0,0,0,0,0,0,0,0,0,0,0,0,0,0,0,0,0,0,0,0,0,0,0,0,0,0,0,0,0,0,0,0,0,0,0,0,0,0,0,0,0,0,0,0,0,0,0,0,0,0,0,0,0,0,0,0,0,0,0,0,0,0,0,0,
0,0,0,0,0,0,0,0,0,0,0,0,0,0,0,0,0,0,0,0,0,0,0,0,0,0,0,0,0,0,0,0,0,0,0,0,0,0,0,0,0,0,0,0,0,0,0,0,0,0,0,0,0,0,0,0,0,0,0,0,0,0,0,0,
0,0,0,0,0,0,0,0,0,0,0,0,0,0,0,0,0,0,0,0,0,0,0,0,0,0,0,0,0,0,0,0,0,0,0,0,0,0,0,0,0,0,0,0,0,0,0,0,0,0,0,0,0,0,0,0,0,0,0,0,0,0,0,0,
0,0,0,0,0,0,0,0,0,0,0,0,0,0,0,0,0,0,0,0,0,0,0,0,0,0,0,0,0,0,0,0,0,0,0,0,0,0,0,0,0,0,0,0,0,0,0,0,0,0,0,0,0,0,0,0,0,0,0,0,0,0,0,0,
0,0,0,0,0,0,0,0,0,0,0,0,0,0,0,0,0,0,0,0,0,0,0,0,0,0,0,0,0,0,0,0,0,0,0,0,0,0,0,0,0,0,0,0,0,0,0,0,0,0,0,0,0,0,0,0,0,0,0,0,0,0,0,0,
0,0,0,0,0,0,0,0,0,0,0,0,0,0,0,0,0,0,0,0,0,0,0,0,0,0,0,0,0,0,0,0,0,0,0,0,0,0,0,0,0,0,0,0,0,0,0,0,0,0,0,0,0,0,0,0,0,0,0,0,0,0,0,0,
0,0,0,0,0,0,0,0,0,0,0,0,0,0,0,0,0,0,0,0,0,0,0,0,0,0,0,0,0,0,0,0,0,0,0,0,0,0,0,0,0,0,0,0,0,0,0,0,0,0,0,0,0,0,0,0,0,0,0,0,0,0,0,0,
0,0,0,0,0,0,0,0,0,0,0,0,0,0,0,0,0,0,0,0,0,0,0,0,0,0,0,0,0,0,0,0,0,0,0,0,0,0,0,0,0,0,0,0,0,0,0,0,0,0,0,0,0,0,0,0,0,0,0,0,0,0,0,0,
0,0,0,0,0,0,0,0,0,0,0,0,0,0,0,0,0,0,0,0,0,0,0,0,0,0,0,0,0,0,0,0,0,0,0,0,0,0,0,0,0,0,0,0,0,0,0,0,0,0,0,0,0,0,0,0,0,0,0,0,0,0,0,0,
0,0,0,0,0,0,0,0,0,0,0,0,0,0,0,0,0,0,0,0,0,0,0,0,0,0,0,0,0,0,0,0,0,0,0,0,0,0,0,0,0,0,0,0,0,0,0,0,0,0,0,0,0,0,0,0,0,0,0,0,0,0,0,0,
0,0,0,0,0,0,0,0,0,0,0,0,0,0,0,0,0,0,0,0,0,0,0,0,0,0,0,0,0,0,0,0,0,0,0,0,0,0,0,0,0,0,0,0,0,0,0,0,0,0,0,0,0,0,0,0,0,0,0,0,0,0,0,0,
0,0,0,0,0,0,0,0,0,0,0,0,0,0,0,0,0,0,0,0,0,0,0,0,0,0,0,0,0,0,0,0,0,0,0,0,0,0,0,0,0,0,0,0,0,0,0,0,0,0,0,0,0,0,0,0,0,0,0,0,0,0,0,0,
0,0,0,0,0,0,0,0,0,0,0,0,0,0,0,0,0,0,0,0,0,0,0,0,0,0,0,0,0,0,0,0,0,0,0,0,0,0,0,0,0,0,0,0,0,0,0,0,0,0,0,0,0,0,0,0,0,0,0,0,0,0,0,0,
0,0,0,0,0,0,0,0,0,0,0,0,0,0,0,0,0,0,0,0,0,0,0,0,0,0,0,0,0,0,0,0,0,0,0,0,0,0,0,0,0,0,0,0,0,0,0,0,0,0,0,0,0,0,0,0,0,0,0,0,0,0,0,0,
0,0,0,0,0,0,0,0,0,0,0,0,0,0,0,0,0,0,0,0,0,0,0,0,0,0,0,0,0,0,0,0,0,0,0,0,0,0,0,0,0,0,0,0,0,0,0,0,0,0,0,0,0,0,0,0,0,0,0,0,0,0,0,0,
0,0,0,0,0,0,0,0,0,0,0,0,0,0,0,0,0,0,0,0,0,0,0,0,0,0,0,0,0,0,0,0,0,0,0,0,0,0,0,0,0,0,0,0,0,0,0,0,0,0,0,0,0,0,0,0,0,0,0,0,0,0,0,0,
0,0,0,0,0,0,0,0,0,0,0,0,0,0,0,0,0,0,0,0,0,0,0,0,0,0,0,0,0,0,0,0,0,0,0,0,0,0,0,0,0,0,0,0,0,0,0,0,0,0,0,0,0,0,0,0,0,0,0,0,0,0,0,0,
0,0,0,0,0,0,0,0,0,0,0,0,0,0,0,0,0,0,0,0,0,0,0,0,0,0,0,0,0,0,0,0,0,0,0,0,0,0,0,0,0,0,0,0,0,0,0,0,0,0,0,0,0,0,0,0,0,0,0,0,0,0,0,0,
0,0,0,0,0,0,0,0,0,0,0,0,0,0,0,0,0,0,0,0,0,0,0,0,0,0,0,0,0,0,0,0,0,0,0,0,0,0,0,0,0,0,0,0,0,0,0,0,0,0,0,0,0,0,0,0,0,0,0,0,0,0,0,0,
0,0,0,0,0,0,0,0,0,0,0,0,0,0,0,0,0,0,0,0,0,0,0,0,0,0,0,0,0,0,0,0,0,0,0,0,0,0,0,0,0,0,0,0,0,0,0,0,0,0,0,0,0,0,0,0,0,0,0,0,0,0,0,0,
0,0,0,0,0,0,0,0,0,0,0,0,0,0,0,0,0,0,0,0,0,0,0,0,0,0,0,0,0,0,0,0,0,0,0,0,0,0,0,0,0,0,0,0,0,0,0,0,0,0,0,0,0,0,0,0,0,0,0,0,0,0,0,0,
0,0,0,0,0,0,0,0,0,0,0,0,0,0,0,0,0,0,0,0,0,0,0,0,0,0,0,0,0,0,0,0,0,0,0,0,0,0,0,0,0,0,0,0,0,0,0,0,0,0,0,0,0,0,0,0,0,0,0,0,0,0,0,0,
0,0,0,0,0,0,0,0,0,0,0,0,0,0,0,0,0,0,0,0,0,0,0,0,0,0,0,0,0,0,0,0,0,0,0,0,0,0,0,0,0,0,0,0,0,0,0,0,0,0,0,0,0,0,0,0,0,0,0,0,0,0,0,0,
0,0,0,0,0,0,0,0,0,0,0,0,0,0,0,0,0,0,0,0,0,0,0,0,0,0,0,0,0,0,0,0,0,0,0,0,0,0,0,0,0,0,0,0,0,0,0,0,0,0,0,0,0,0,0,0,0,0,0,0,0,0,0,0,
0,0,0,0,0,0,0,0,0,0,0,0,0,0,0,0,0,0,0,0,0,0,0,0,0,0,0,0,0,0,0,0,0,0,0,0,0,0,0,0,0,0,0,0,0,0,0,0,0,0,0,0,0,0,0,0,0,0,0,0,0,0,0,0,
0,0,0,0,0,0,0,0,0,0,0,0,0,0,0,0,0,0,0,0,0,0,0,0,0,0,0,0,0,0,0,0,0,0,0,0,0,0,0,0,0,0,0,0,0,0,0,0,0,0,0,0,0,0,0,0,0,0,0,0,0,0,0,0,
0,0,0,0,0,0,0,0,0,0,0,0,0,0,0,0,0,0,0,0,0,0,0,0,0,0,0,0,0,0,0,0,0,0,0,0,0,0,0,0,0,0,0,0,0,0,0,0,0,0,0,0,0,0,0,0,0,0,0,0,0,0,0,0,
0,0,0,0,0,0,0,0,0,0,0,0,0,0,0,0,0,0,0,0,0,0,0,0,0,0,0,0,0,0,0,0,0,0,0,0,0,0,0,0,0,0,0,0,0,0,0,0,0,0,0,0,0,0,0,0,0,0,0,0,0,0,0,0,
}
objectives{
resources: 20,0,0
findminer:2
findminer:1
findminer:0
}
buildings{
BuildingToolStore_C
Translation: X=3450.000 Y=4050.000 Z=208.000 Rotation: P=0.000000 Y=-179.999954 R=0.000000 Scale X=1.000 Y=1.000 Z=1.000
Level=1
Teleport=False
Health=MAX
Powerpaths=X=9 Y=5 Z=3/X=9 Y=6 Z=3/
}
landslidefrequency{
}
lavaspread{
}
miners{
ID=2
Translation: X=16137.600 Y=1871.400 Z=180.000 Rotation: P=0.000000 Y=0.000000 R=0.000000 Scale X=1.000 Y=1.000 Z=1.000
Drill/Sailor/
ID=1
Translation: X=16116.000 Y=1890.600 Z=180.000 Rotation: P=0.000000 Y=0.000000 R=0.000000 Scale X=1.000 Y=1.000 Z=1.000
Drill/Sailor/
ID=0
Translation: X=16048.800 Y=2019.600 Z=180.000 Rotation: P=0.000000 Y=0.000000 R=0.000000 Scale X=1.000 Y=1.000 Z=1.000
Drill/Sailor/
}
briefing{
OK, Cadet - are you ready for the next mission? A flood has left many of our Rock Raiders stranded on islands in an underground lake! You must establish our Mining HQ and build the Docks.

Once you have achieved this, get a Rapid Rider, rescue the stranded Miners and bring back any Energy Crystals that they have collected. We need a total of twenty Energy Crystals. Good luck.
}
vehicles{
}
script{
}
